-0.00735474
0.10849
0.121979
0.00549316
-0.0541687
0.0606079
0.0429688
-0.067627
0.00296021
0.0314331
0.0427246
0.0344543
0.01947020
0.05679320
0.06332400
-0.00549316
-0.0488586
0.0167236
0.0970459
0.170715
0.0667114
0.0389099
0.0683899
0.0969849
0.126862
0.121887
0.0171509
0.00308228
0.0663452
0.148651
0.23111
0.175323
0.102997
0.0412903
-0.400604
-0.385071
-0.266174
-0.167236
-0.116577
-0.0113525
-0.140015
-0.279449
-0.243011
-0.111572
-0.0295715
0.026001
0.0724487
0.0236206
-0.0359192
0.0247498
0.0417786
0.0919189
0.0552673
-0.309326
-0.258057
-0.167175
-0.237152
-0.188873
-0.0383606
0.0217896
0.0405579
0.0309448
-0.0275269
-0.0700378
-0.0248108
-0.00912476
0.00872803
0.0107422
0.0621338
0.18515
0.139923
0.0348206
0.0473022
0.0749207
0.00387573
0.068512
0.111633
0.186615
0.141632
0.149139
0.15329
0.127655
0.0930481
0.121338
0.192993
0.150909
0.206238
0.153656
0.0802612
0.0526123
0.142242
0.162109
0.177185
0.0767517
0.0160828
0.0621948
0.240082
0.261444
0.122009
0.0891418
0.23526
0.306091
0.130402
0.052124
0.178711
0.23233
0.241821
0.17688
0.144745
0.207031
0.181244
0.182007
0.17514
0.0117493
-0.0486145
0.11853
0.055816
-0.0341187
0.0954895
0.176636
0.164978
0.0469666
0.0722351
0.191833
0.267731
0.240814
0.193481
0.283722
0.323853
0.316711
0.35672
0.441162
0.322174
0.0917969
0.201904
0.344971
0.410675
0.471191
0.524048
0.570282
0.610413
0.498627
0.185638
0.357483
0.55484
0.608398
0.659668
0.7279
0.814575
0.813751
0.786316
0.801117
0.933899
0.982483
1.02139
0.985016
1.10306
1.12039
1.07849
1.13541
1.17953
1.20807
1.23566
1.27255
1.27899