-0.0183716
0.087738
0.0923767
0.0403442
-0.0559692
0.0140076
-0.0394897
-0.088501
-0.061676
-0.0477905
-0.0229797
0.0200195
0.0718079
0.0385437
-0.0211182
0.0153503
0.0244141
0.05896
0.126312
0.070343
0.0159302
0.0482178
0.0608826
-0.0115051
0.156097
0.175232
0.107178
0.00195312
-0.0190735
0.0509644
0.0944214
0.118683
0.118317
0.112732
-0.372253
-0.290741
-0.164673
-0.100311
-0.070282
0.00201416
-0.127869
-0.221466
-0.115265
-0.0670471
-0.0881348
-0.0647278
0.0516357
0.128815
0.0627747
0.00836182
0.0959778
0.177765
0.10321
-0.356354
-0.325989
-0.12735
-0.0288391
-0.0375061
-0.00509644
-0.0304871
0.0387878
0.0989685
0.0592957
-0.04422
-0.00488281
0.0219421
0.12677
0.221619
0.29306
0.207764
0.137115
0.144836
0.0724182
0.0338135
0.0969543
0.213623
0.337555
0.283539
0.158783
0.132416
0.203918
0.250763
0.155914
0.166962
0.202881
0.193207
0.232635
0.221313
0.211853
0.266418
0.292664
0.356628
0.311127
0.333191
0.302063
0.246216
0.295074
0.337982
0.364349
0.351624
0.418793
0.412659
0.300995
0.267578
0.294373
0.346954
0.364838
0.338287
0.354309
0.49173
0.514404
0.426849
0.388184
0.284943
0.213684
0.307068
0.253021
0.234161
0.375
0.334717
0.345612
0.325531
0.42569
0.598053
0.600708
0.431213
0.423126
0.601166
0.61676
0.667389
0.654175
0.652649
0.701691
0.527679
0.568512
0.604095
0.706787
0.798706
0.861481
0.828278
0.910889
0.823914
0.47757
0.670288
0.845001
0.856659
0.883636
0.954346
1.03455
1.03622
1.18542
1.32117
1.31192
1.31668
1.34924
1.30206
1.30597
1.34729
1.32675
1.31299
1.3541
1.38654
1.38913
1.42261
1.49112