0.0138
0.0096
0.0009
0.0022
-0.0012
-0.0131
-0.0048
0.0059
-0.0039
-0.0080
0.0230
-0.0041
0.0016
0.0059
0.0156
-0.0109
0.0095
0.0054
-0.0166
0.0070
-0.0067
-0.0170
0.0042
0.0403
-0.0083
-0.0012
-0.0035
0.0013
0.0006
0.0102
0.0062
0.0257
-0.0179
-0.0140
-0.0207
-0.0077
-0.0163
-0.0068
0.0116
-0.0158
-0.0192
-0.0053
0.0009
-0.0032
-0.0047
0.0090
0.0002
0.0026
-0.0018
0.0057
0.0136
0.0023
0.0025
-0.0050
0.0194
-0.0106
0.0111
0.0025
0.0099
-0.0176
0.0006
0.0242
-0.0121
-0.0143
-0.0016
-0.0224
-0.0136
-0.0036
-0.0035
0.0104
-0.0063
-0.0110
0.0038
-0.0021
0.0050
0.0135
0.0059
-0.0197
0.0097
0.0155
0.0224
-0.0075
-0.0034
0.0146
0.0130
0.0234
0.0099
0.0067
0.0039
-0.0098
0.0171
-0.0023
-0.0025
0.0053
-0.0065
0.0018
0.0180
0.0068
-0.0329
-0.0098
0.0005
-0.0187
-0.0032
0.0177
-0.0115
0.0013
-0.0052
-0.0057
-0.0129
0.0206
-0.0150
-0.0138
-0.0066
-0.0222
-0.0118
-0.0114
-0.0313
-0.0229
-0.0128
-0.0368
-0.0263
0.0102
0.0051
-0.0240
-0.0202
-0.0190
-0.0067
0.0019
-0.0158
-0.0083
-0.0205
-0.0228
-0.0156
-0.0039
-0.0075
-0.0124
-0.0231
-0.0057
0.0018
-0.0147
-0.0062
0.0124
-0.0274
-0.0096
-0.0048
-0.0330
-0.0200
0.0015
-0.0098
-0.0058
-0.0079
0.0140
0.0041
0.0018
0.0069
-0.0048
0.0049
0.0266
0.0027
-0.0137
0.0131
0.0010
0.0155
0.0231
-0.0068