0.0226746
0.1203
-0.0460205
-0.0485229
-0.0769958
-0.217987
-0.0934753
-0.00128174
-0.127075
0.0249023
0.140442
0.0158386
0.164703
0.144806
0.119293
0.036377
0.114532
-0.0350037
-0.0838013
-0.0358582
-0.0852356
-0.0379639
0.190247
0.142548
-0.0665588
-0.00143433
-0.0811462
0.0397339
0.0668945
0.120575
0.176727
0.0149536
-0.203156
-0.0279846
-0.0792236
-0.245911
-0.2099
-0.0352173
0.00891113
-0.238037
-0.104187
0.105042
0.00915527
0.0557556
0.0671082
-0.00683594
0.00360107
0.0475769
0.0979614
0.0661011
0.0724487
0.0860596
0.135956
0.0643311
0.169128
0.0567627
0.0994568
0.0592651
-0.0212402
-0.0223389
0.106995
0.130432
-0.105103
-0.126984
-0.077179
-0.182068
-0.103973
-0.0282288
0.0719299
0.11142
0.0620728
0.106232
0.089447
0.166351
0.18988
0.245209
0.110535
0.179474
0.328796
0.339874
0.295868
0.00534058
0.170074
0.329681
0.335693
0.440369
0.30777
0.272736
0.136536
0.177643
0.301361
0.0934143
0.271393
0.200836
0.145996
0.202118
0.300568
-0.0108643
-0.15213
0.154114
0.065155
0.181122
0.280609
0.270233
0.0393677
0.289703
0.162842
0.000244141
0.255585
0.366547
0.0929565
0.0488281
0.114075
0.0722656
0.135132
0.0648804
-0.0603333
-0.00860596
-0.0722656
-0.0155945
0.143494
0.397034
0.192291
0.0740662
0.164856
0.12442
0.233582
0.279877
0.147339
0.309723
0.254791
0.308563
0.295288
0.267212
0.347931
0.306396
0.333374
0.506622
0.495178
0.473816
0.520264
0.609985
0.225281
0.483734
0.398224
0.312164
0.462189
0.668365
0.595703
0.560944
0.700012
0.846161
0.917267
0.850708
0.85434
0.857635
0.976166
1.0744
0.849731
0.845428
0.889954
1.02103
1.19983
1.10602
0.944244