-0.0612
0.1231
0.1271
0.0861
0.065
0.0596
0.0361
-0.1107
-0.0323
0.0752
-0.0337
-0.0726
-0.1799
0.0123
-0.109
0.024
0.0152
-0.0005
0.0047
0.0399
0.0286
-0.0121
0.0284
0.0152
-0.0168
-0.0191
-0.0676
0.2554
0.3452
0.0529
0.0407
0.1242
0.061
0.01
-0.1358
-0.1146
-0.0644
-0.1423
-0.0229
0.1066
-0.1504
-0.0448
-0.1511
-0.1381
-0.1273
-0.0923
0.0725
0.0967
-0.1293
0.0011
0.122
0.0631
-0.0825
-0.1768
-0.241
-0.0513
0.0374
-0.1476
-0.1573
-0.1792
-0.1744
-0.1826
-0.119
-0.1105
0.0941
0.1648
-0.0635
-0.1863
-0.0679
0.0312
0.0581
0.1161
0.0175
0.0388
0.0447
0.0744
0.2339
0.1274
0.15
-0.0359
0.1797
0.2531
0.211
0.0342
0.1822
0.1504
0.187
0.3373
0.3443
0.3157
0.4324
0.3946
0.3579
0.3629
0.5006
0.3996
0.2377
0.2653
0.2318
0.2127
0.1299
0.2953
0.3718
0.4341
0.2397
0.1592
0.0933
0.3212
0.3389
0.3085
0.241
0.3365
0.2925
0.3197
0.0506
0.1521
0.2076
0.239
0.1878
0.3251
0.2714
0.1506
0.2627
0.4064
0.184
0.2457
0.1407
0.4596
0.3618
0.4474
0.5526
0.6065
0.3908
0.5803
0.4045
0.4062
0.4522
0.5995
0.6386
0.5357
0.7171
0.6954
0.4814
0.5222
0.59
0.7334
0.6332
0.7788
0.9338
0.681
0.6876
0.8458
0.9
0.9007
0.8239
0.9634
0.929
0.9482
0.8221
0.9533
1.0369
0.8942
0.9341
0.9801
1.0294
