-0.001576828
0.002524572
0.003388372
0.002460572
0.003787972
0.014237772
0.004783172
-0.005379828
-0.001072028
-0.001946428
0.001548772
0.005076172
0.005677972
0.000494972
0.007870972
0.005320972
0.003413372
-0.001090628
0.006191972
0.007011772
0.002818173
0.010414572
0.007663572
0.009305173
0.007637772
0.011474772
0.006009572
0.011492372
0.000238372
0.007854372
0.011296772
0.014664372
0.005997372
0.008505772
-0.030022428
-0.026737628
-0.027991228
-0.014985428
-0.017660828
-0.007737628
-0.004303228
-0.010887028
-0.016555628
-0.016090228
-0.005484228
0.000472172
0.004314772
0.003877772
-0.004795827
-0.002813628
-0.000696428
0.001344772
0.003000572
-0.023636428
-0.024724428
-0.011547828
-0.015984228
-0.012626628
-0.003575628
-0.007220028
-0.008919428
-0.003612628
-0.005702028
-0.002705228
-0.005837628
-0.006833628
-0.004503427
-0.007636828
-0.008267228
0.004843373
0.006454172
0.001881772
0.000856572
0.005799372
-0.007935428
-0.011097028
0.004733373
0.002167772
-0.004026628
0.003234972
0.011917772
0.001736172
0.001483172
0.000374572
0.004847172
-0.003651828
0.001386972
0.012330172
0.004387173
-0.003507028
-0.000236428
0.001104372
0.009647372
0.003258772
-0.002727828
-0.003076828
0.009461372
0.013867972
0.001452172
-0.005002628
0.005281372
0.023715772
0.007893372
-0.001032828
0.007458972
0.002937173
0.002040972
0.003442572
-0.002064428
0.004772572
-0.000625628
0.002832973
-0.002164028
-0.005813828
-0.019767028
-0.010782228
-0.009105228
-0.019129028
-0.009922228
0.004402172
-0.003924028
-0.010462028
-0.015892628
-0.007852428
0.005588772
-0.004127828
-0.012105028
-0.011734428
-0.004229628
-0.004667028
-0.004627628
0.007921172
0.006883572
-0.012799628
-0.016343628
-0.003329228
0.002662172
0.002853372
0.005681972
0.005513573
0.010679572
0.007293572
-0.020396828
-0.007455028
0.004785372
0.006152972
0.010269172
0.012889372
0.022635772
0.030381172
0.025949972
0.023301372
0.026851972
0.024931772
0.034344172
0.030010372
0.045904572
0.040830572
0.038957972
0.038577772
0.037617772
0.039902972
0.040084372
0.040231172
0.049224572
