-0.005317647
-0.000517647
0.004082353
0.003482353
0.006682353
0.008282353
0.000282353
-0.007717647
-0.000717647
0.001882353
0.001282353
0.005882353
0.008082353
0.003482353
0.006682353
0.001682353
0.003282353
-0.000717647
0.007282353
0.008482353
0.001682353
0.010282353
0.009482353
0.010482353
0.011682353
0.008082353
0.005082353
0.012482353
0.002882353
0.007682353
0.011882353
0.018882353
0.008482353
0.009482353
-0.032517647
-0.028117647
-0.020317647
-0.012717647
-0.018917647
-0.008717647
-0.005517647
-0.017317647
-0.018717647
-0.014717647
-0.005717647
8.23528E-05
0.004682353
0.008882353
-0.006317647
-0.007317647
-0.001117647
-0.003317647
-0.003317647
-0.025517647
-0.022917647
-0.009517647
-0.015517647
-0.018317647
-0.009317647
-0.008917647
-0.005717647
-0.002917647
-0.006717647
-0.006117647
-0.006117647
-0.004117647
-0.006917647
-0.008317647
-0.000717647
0.009282353
0.003482353
0.001482353
0.000682353
0.005482353
-0.008317647
-0.012917647
0.001482353
0.002082353
-0.002117647
0.005482353
0.007482353
-0.007317647
0.000482353
-0.000117647
0.004482353
-0.006517647
-0.003917647
0.006082353
0.001282353
-0.004317647
0.003282353
0.001682353
0.007282353
0.002082353
0.002282353
-0.005117647
0.005082353
0.008682353
0.002282353
-0.007517647
0.001082353
0.022682353
0.007482353
-0.006517647
-0.000517647
0.001482353
0.005282353
0.002682353
-0.000717647
0.001082353
8.23528E-05
-0.000317647
-0.002717647
-0.008917647
-0.021917647
-0.007717647
-0.008317647
-0.020917647
-0.010917647
0.004282353
-0.003317647
-0.011317647
-0.014317647
-0.012517647
0.002882353
0.003882353
-0.005117647
-0.013917647
-0.008317647
-0.001917647
-0.003717647
0.008482353
0.005282353
-0.014317647
-0.019317647
-0.000717647
0.002282353
0.006282353
0.009082353
0.006282353
0.011482353
0.005682353
-0.016717647
-0.002117647
0.008282353
0.004482353
0.008882353
0.016282353
0.026482353
0.028682353
0.020882353
0.020882353
0.028082353
0.029682353
0.036882353
0.028882353
0.034282353
0.035882353
0.043682353
0.041882353
0.041082353
0.043482353
0.039482353
0.041282353
0.050882353
