-0.006078431
-0.001278431
0.003321569
0.002721569
0.005921569
0.007521569
0.000921569
-0.003478431
0.000321569
-0.005478431
-0.000478431
0.001321569
0.008521569
0.009721569
-0.001078431
-0.004078431
-0.001278431
0.001921569
0.008321569
0.012921569
-0.003078431
0.009721569
0.005121569
0.002921569
0.009521569
0.016521569
0.011521569
0.009121569
-0.001278431
0.002121569
0.003121569
0.007121569
0.006921569
0.013921569
-0.021878431
-0.023878431
-0.018078431
-0.013078431
-0.008078431
-0.002878431
-0.008878431
-0.019478431
-0.011078431
-0.003478431
-0.004478431
-0.009078431
-0.004278431
0.005921569
0.004721569
0.003121569
0.001321569
0.011521569
0.012521569
-0.023278431
-0.033278431
-0.018478431
-0.010278431
-0.004478431
0.000921569
-0.003878431
-0.006878431
-0.000278431
0.006521569
-0.004078431
-0.001878431
-0.007478431
0.001721569
0.005321569
0.013121569
0.017121569
0.000321569
0.009121569
0.006121569
-0.000678431
0.000121569
0.005921569
0.015721569
0.019321569
0.008521569
-0.000678431
0.002721569
0.008521569
0.006121569
0.003521569
0.006321569
0.006921569
0.010121569
0.012321569
0.004121569
0.012721569
0.012521569
0.018521569
0.020121569
0.014921569
0.020321569
0.013121569
0.009921569
0.015721569
0.016121569
0.010921569
0.021921569
0.022121569
0.016321569
0.009121569
0.011721569
0.016521569
0.016521569
0.009321569
0.010321569
0.024121569
0.018121569
0.016921569
0.008121569
0.009321569
0.000521569
0.017521569
0.013121569
0.002721569
0.011721569
0.013721569
0.012721569
0.006921569
0.003921569
0.021721569
0.028121569
0.018921569
0.011921569
0.020721569
0.024921569
0.024721569
0.029721569
0.018121569
0.031321569
0.009921569
0.013321569
0.011921569
0.022521569
0.030321569
0.031321569
0.031321569
0.036521569
0.034721569
0.001921569
0.012721569
0.026521569
0.033721569
0.030521569
0.028121569
0.042921569
0.042121569
0.044121569
0.054521569
0.056521569
0.061721569
0.062721569
0.063521569
0.058721569
0.055321569
0.063521569
0.053121569
0.059121569
0.060321569
0.061321569
0.061121569
0.072521569
