0.006582902
0.055146902
0.079644902
0.023278902
-0.031491098
0.072814902
0.002144902
-0.105113098
-0.028445098
0.025428902
0.049328902
0.027132902
0.033390902
0.024340902
0.036022902
0.028966902
0.005220902
-0.008469098
0.038162902
0.092480902
0.044622902
0.121652902
0.112932902
0.081986902
0.076598902
0.108124902
0.032416902
0.031460902
0.076440902
0.174238902
0.235382902
0.201692902
0.109712902
0.056560902
-0.387501098
-0.394095098
-0.279697098
-0.181357098
-0.141303098
-0.022807098
-0.104333098
-0.227665098
-0.244403098
-0.109283098
0.000210902
0.022610902
0.017310902
-0.000677098
0.013976902
0.059010902
0.089602902
0.100600902
0.049792902
-0.277963098
-0.228803098
-0.194617098
-0.226821098
-0.101909098
0.002404902
-0.003767098
-0.023103098
-0.029663098
-0.038065098
-0.048529098
-0.039269098
-0.021111098
0.019396902
0.031616902
0.010086902
0.125684902
0.106686902
0.043218902
0.023676902
0.051628902
-0.018679098
0.067394902
0.133344902
0.163648902
0.189732902
0.214612902
0.204208902
0.156058902
0.119904902
0.153946902
0.168918902
0.145828902
0.243562902
0.211844902
0.121898902
0.072332902
0.109482902
0.176168902
0.263348902
0.146866902
0.072238902
0.146592902
0.261244902
0.214436902
0.095052902
0.125830902
0.274340902
0.329364902
0.162062902
0.079752902
0.129566902
0.171424902
0.227288902
0.207274902
0.177268902
0.209118902
0.160146902
0.160452902
0.198066902
0.048768902
-0.037183098
0.081316902
0.047374902
0.015570902
0.128026902
0.165510902
0.117046902
0.060630902
0.104624902
0.267670902
0.332240902
0.249154902
0.214142902
0.293076902
0.302702902
0.295986902
0.357410902
0.477948902
0.381614902
0.114086902
0.192854902
0.369578902
0.443536902
0.490146902
0.553270902
0.593064902
0.638744902
0.533504902
0.248292902
0.450542902
0.580668902
0.582298902
0.679532902
0.750622902
0.852188902
0.842296902
0.864540902
0.831494902
0.944550902
0.978710902
1.042740902
1.040890902
1.151950902
1.108642902
1.108956902
1.134904902
1.189140902
1.199646902
1.236322902
1.259996902
1.320768902
