-0.0311584
-0.0527039
-0.0377197
0.139069
0.273987
0.274994
0.159576
-0.11499
0.0280457
0.169373
0.23941
0.180634
0.341522
0.5112
0.46637
0.138733
0.0504456
-0.0689087
0.319092
0.375458
0.185791
0.0397949
0.316162
0.420441
0.585663
0.375153
0.465515
0.424286
0.630737
0.712708
0.622925
0.60849
0.361511
0.55545
0.729523
0.585663
0.576111
0.703247
0.621948
0.455963
0.542114
0.714325
0.877747
0.515961
0.813293
1.09744
1.0394
0.832733
0.720673
0.813171
1.13251
1.23032
0.926025
0.804138
0.817627
1.37201
1.7142
1.47726
1.23199
1.08517
1.1412
1.38397
1.46729
1.42917
1.39041
1.4129
1.51062
1.34964
1.57068
1.53412
1.33859
1.56793
1.71976
1.86209
1.71066
1.61121
1.62241
1.83719
1.73508
1.62936
1.74094
1.84857
1.81427
2.03241
2.10962
2.23325
2.13531
2.0033
2.04123
2.21967
2.35715
2.09622
2.09079
2.20773
2.23862
2.51831
2.54559
2.25491
2.29974
2.45758