-0.02771
-0.092804
-0.0402222
0.212341
0.263489
0.232422
0.0678711
0.0569458
-0.0453186
0.320404
0.441315
0.271973
0.254761
0.385834
0.569275
0.469635
0.439331
0.413879
0.53952
0.322784
0.318298
0.286591
0.512756
0.610687
0.54248
0.362671
0.341705
0.547485
0.687714
0.798035
0.868317
0.813812
0.685028
0.63623
0.732239
0.946442
0.897614
0.638428
0.828339
0.832581
0.853882
0.943451
1.01736
0.784149
1.02856
1.16333
1.23474
1.34845
1.215
0.931946
1.02298
1.3862
1.52777
1.39719
1.26016
1.58755
1.52472
1.60736
1.69278
1.26184
1.28546
1.55554
2.00101
1.96191
1.54355
1.43948
1.65048
1.65329
1.90381
1.9295
1.78284
1.89365
1.98233
2.15167
2.23727
2.19394
2.14044
2.16922
2.17981
2.16101
2.06357
1.99582
2.14999
2.46021
2.56873
2.38184
2.50467
2.37625
2.46027
2.52612
2.69403
2.76828
2.53809
2.4986
2.8364
2.98544
2.94037
2.89343
3.02173
2.91702