0.0348206
0.0193481
-0.0115051
-0.0737
-0.0221863
-0.0331421
-0.0923767
0.216278
0.427795
0.405304
0.292145
-0.119354
0.211334
0.428436
0.288757
0.187531
0.408508
0.349335
0.184509
0.257599
0.35614
0.498474
0.9599
0.949707
0.495667
0.675079
0.572693
0.210419
0.459869
0.621735
0.520111
0.561981
0.684845
0.960419
0.997742
0.780457
0.927734
1.00708
0.832672
0.777008
1.13922
1.16327
0.814209
0.900116
1.0083
1.2662
1.22241
1.05881
1.59332
1.63257
1.29745
1.49164
1.59445
1.53326
1.70941
1.46255
1.65833
1.6554
1.62769
1.71301
1.8002
1.84912
1.81396
1.81039
2.02875
2.05847
1.73511
1.92044
1.86215
1.6842
2.06195
1.98572
1.96866
2.16605
2.31729
2.28433
2.27975
2.18063
2.26773
2.4473
2.47235
2.58118
2.34427
2.3334
2.49243
2.55054
2.73233
2.90842
2.70285
2.6449
3.10947
2.76074
2.70303
3.26761
3.09622
2.88535
3.05469
2.99149
3.14975
3.20959