0.162
0.205
0.226
0.124
0.103
0.087
0.125
0.136
0.098
0.076
0.230
0.227
0.198
0.117
0.196
0.154
0.196
0.166
0.183
0.194
0.161
0.170
0.207
0.093
0.158
0.153
0.136
0.209
0.190
0.102
0.093
0.099
0.167
0.097
0.069
0.141
0.074
0.106
0.146
0.143
0.074
0.119
0.132
0.235
0.084
0.121
0.159
0.125
0.167
0.167
0.102
0.091
0.089
0.129
0.119
0.141
0.101
0.093
0.110
0.121
0.110
0.148
0.144
0.122
0.100
0.087
0.147
0.187
0.172
0.109
0.115
0.072
0.066
0.147
0.078
0.151
0.116
0.106
0.087
0.139
0.125
0.079
0.111
0.089
0.133
0.120
0.123
0.119
0.093
0.144
0.078
0.105
0.100
0.115
0.073
0.119
0.105
0.076
0.120
0.068
0.093
0.211
0.089
0.070
0.095
0.135
0.057
0.104
0.108
0.067
0.147
0.094
0.059
0.143
0.092
0.061
0.077
0.095
0.097
0.106
0.078
0.062
0.132
0.096
0.117
0.100
0.095
0.085
0.084
0.137
0.075
0.113
0.098
0.091
0.104
0.071
0.080
0.078
0.108
0.105
0.114
0.083
0.154
0.075
0.092
0.113
0.087
0.113
0.125
0.095
0.118
0.082
0.115
0.083
0.123
0.048