0.001303973
-0.003510627
-0.000495227
-0.001282827
0.008793173
0.008054573
0.007483573
0.002848573
0.009718173
0.010465773
0.007312173
-0.007807827
-0.001959027
-0.000864627
0.017278973
0.006759773
-0.001754027
-0.006535227
0.004293973
0.017275573
0.015717573
0.001329573
-0.001209427
0.002643373
0.017888573
0.010174773
0.006672573
0.007956573
0.006963973
0.019982573
0.013534173
0.005050973
0.002139373
0.010060573
-0.025639627
-0.026925827
-0.024216027
-0.016748827
-0.018941827
-0.010217227
-0.004788627
-0.015433827
-0.018489827
-0.018176427
-0.013954827
-0.003738027
0.003746573
-0.000428027
-0.002186627
0.001828173
-0.001973227
-0.005497627
-0.001907427
-0.034095227
-0.035281227
-0.018768027
-0.011288427
-0.008417227
-0.016937027
-0.006732227
0.009792973
-0.004735427
-0.009674427
-0.002608427
-0.003263827
-0.005139427
-0.011393627
-0.007922627
0.002165373
0.001075173
-0.006678227
-0.002630227
-0.004585827
-0.000443227
-0.002184427
0.008695773
0.006332973
-0.003538427
-0.003839227
0.007654373
0.011842973
0.000541173
-0.000325427
0.008618773
0.006927173
-0.005418427
0.003860573
0.009697373
0.011353973
0.003588373
0.010273973
0.003361573
0.010819573
0.009930773
0.014760173
-0.000916027
0.008340573
0.002289773
0.007081573
0.005685373
0.006793173
0.007845973
0.020886773
0.013705773
0.000883373
-0.004799627
0.003976773
0.007433173
0.010284373
-0.000414427
0.002809973
0.005202973
0.012934773
-0.005493827
-0.032286627
-0.019974227
-0.000580627
-0.014963027
-0.021301427
-0.015609027
-0.003478227
-0.002995027
-0.002663227
-0.000370427
0.000209373
-0.000178827
0.011358173
0.005749773
0.005168973
0.002262573
0.010140773
0.006276373
-0.006011227
-0.019834427
-0.001506627
0.001108973
-0.007098627
-0.010671027
0.004605173
0.017392173
0.013896173
0.008650373
-0.016765627
0.005409373
-0.003561027
0.002053173
0.007012973
0.007410573
0.018135973
0.020501973
0.024719573
0.027263973
0.027622973
0.021247773
0.030422773
0.032066573
0.024072173
0.034612373
0.036240573
0.027790173
0.037674773
0.042721973
0.042681173
0.037606573
0.042702173
0.047978373
0.052698573
0.044089973
0.053832373
0.050270373
0.052849973
0.045903173
0.051151173
0.058326973
0.057365573
0.057537173
0.062410773
0.050704773
0.056047973
0.055016373
0.062131773
0.068746173
0.066331773
0.057329773
0.057553973
0.068639373
0.075532573
0.072501373
0.064273973
0.061669773
0.072076773
0.080517773
0.069678773
0.075370773
0.080344973
0.083031573
0.079816573
0.071127973
0.076810573
0.085874373
0.083026773
0.070034773
0.084873173
0.091419173
0.086106373
0.075463173
0.085782173
0.084983173
0.090836773
0.082633773
0.091791573
0.096045973
0.089012173
0.087496373
0.086215573
0.098747373
0.092638973
0.098635573
0.099149573
0.092386173
0.101321573
0.104643573
0.098235573
0.104516973
0.107579173
0.117196973
0.106108773
0.105826573
0.111767973
0.116747373
0.115022773
0.112324573
0.116008173
0.119708173
0.113090973
0.112539773
0.118545973
0.120123973
0.120797573
0.122803773
0.122870373
0.128622373
0.125352173
0.126710773
0.126884973
0.120237173
0.122098973
0.130818573
0.128465373
0.136075973
0.136707573