-0.005979592
0.001047208
0.008093808
0.004500408
0.004931408
0.005174808
0.005193608
0.000925008
-0.005884992
-0.003301192
0.012236408
0.010948208
0.001588208
-0.001721392
0.008476008
0.014879808
0.009885208
0.001485608
-0.008187992
-0.004139592
0.004829408
0.005689208
0.011148408
0.010870008
0.004316408
-0.001613792
0.004959008
-0.002213792
0.005679008
0.007903008
0.000291208
0.008310408
0.015818008
0.012107408
-0.039341992
-0.035212992
-0.011387392
-0.002270592
-0.012614192
-0.007819392
-0.017288592
-0.029055392
-0.013506792
-0.002452192
0.002225808
-0.001420592
-0.000152592
0.005141608
0.007435808
0.006515408
0.002959208
0.004139008
0.001889608
-0.031986792
-0.034338392
-0.023477792
-0.012749792
-0.010324792
-0.008182992
0.002539008
0.006997008
0.001701808
-0.004362592
-0.006120992
-0.006029792
0.008083208
-0.004002592
-0.003572392
-0.001771792
0.011725408
0.007154808
-0.003927192
0.002867808
0.007507808
0.000771608
0.004943208
0.004153008
0.008521208
0.011867408
0.006597208
0.000616808
0.001274208
0.001079208
0.001094808
0.015058008
0.004760808
-0.001285992
0.008593208
0.020892008
0.010326808
0.006645008
0.008496608
0.016154808
0.018569608
0.003749408
0.008351408
0.010754208
0.014695408
0.008933608
0.016313408
0.015079408
0.015233608
0.009273808
0.009384408
0.010583408
0.015889808
0.012231208
0.011895808
0.008960208
0.014420608
0.016976208
0.019932008
0.006625208
0.001504208
-0.011725592
0.010345008
0.013803408
0.009946608
0.003010208
0.006475208
0.008072408
0.006800408
0.021093608
0.014195208
0.014940608
0.004522408
0.012710608
0.017827408
0.015859408
0.024124408
0.029364008
0.021084808
0.019557808
0.003199008
0.011690408
0.022610608
0.014606408
0.016144808
0.022535608
0.022772408
0.039420408
0.022691808
-0.009478592
0.005172808
0.013276608
0.016829208
0.023195808
0.024001408
0.033213408
0.032938008
0.033937408
0.037225008
0.039181808
0.048273408
0.053178408
0.043427208
0.045247208
0.048771208
0.049663008
0.050805208
0.055708608
0.045194208
0.039663208
0.049503208
0.057998808
0.059182808
0.046115608
0.052026208
0.074363408
0.063296208
0.045903408
0.043375808
0.048521608
0.053320208
0.063878608
0.063115008
0.059131008
0.054667008
0.071730808
0.060209608
0.062043008
0.070344208
0.060812808
0.061712408
0.060066408
0.064729608
0.069466208
0.068440608
0.075359808
0.071049408
0.067165808
0.065835808
0.065359208
0.073463008
0.072405808
0.080144408
0.076466608
0.072739808
0.071015408
0.067500808
0.071596008
0.073395808
0.076516608
0.079159808
0.080945008
0.076597808
0.076045208
0.080335408
0.092848408
0.087807008
0.088289808
0.083057608
0.078852008
0.087168008
0.087381208
0.087312408
0.077992808
0.091453808
0.086147808
0.086976208
0.095016208
0.096590008
0.091594408
0.083321008
0.092450608
0.102823808
0.090823408
0.092028608
0.091141808
0.093426208
0.098291408
0.098589408
0.100505408
0.097232008
0.093059408
0.110555808
0.110538408
0.099017008
0.098831008
0.107481008
0.114045808
0.104338008
0.106734008
0.114478408
0.101491408
0.108629408
0.102571608
0.103170208
0.113724008
0.111122608
0.110886608