0.02067031
0.002586358
0.010376944
0.005052047
0.016042066
0.020458098
0.016187022
0.007162585
0.014665058
0.021309972
0.008834034
0.004301434
0.009165605
0.010491734
0.010260055
0.009003648
0.007382868
0.007276662
0.008186299
0.021683538
0.009312005
0.007448948
0.007804803
0.006393148
0.01211243
0.009480936
0.018571716
0.009025612
0.013481751
0.013181137
0.017292835
0.004464372
0.006902275
0.016615602
0.014685531
0.00951001
0.009183703
0.008517211
0.006819315
0.005236114
0.013747193
0.023854827
0.016374821
0.011460842
0.001273918
0.016574199
0.009411101
0.008598483
0.008446295
0.013482913
0.008858825
0.004818193
0.005210647
0.006619841
0.012139374
0.022808728
0.006845055
0.013458291
0.008811322
0.003436414
0.0164509
0.008997084
0.008479715
0.010546616
0.016819595
0.006093891
0.007644755
0.007130492
0.010741469
0.016258327
0.009282866
0.004483093
0.007409323
0.018231444
0.006744221
0.009310779
0.020943413
0.005895886
0.01027846
0.016424218
0.01505569
0.00978032
0.012547529
0.022540702
0.00584221
0.004393305
0.008783044
0.01296813
0.011687887
0.008044636
0.008945161
0.019242589
0.010809648
0.017911071
0.014835897
0.009815289
0.019135466
0.008504179
0.013796926
0.008358629
0.011736583
0.017254704
0.017925883
0.02054544
0.010113286
0.013784853
0.007599277
0.007755762
0.017226404
0.011360652
0.013105083
0.013580037
0.012476967
0.010289037
0.007410681
0.014236747
0.012001377
0.008106619
0.004858687
0.008392189
0.015300234
0.009024246
0.008181471
0.005275529
0.010732657
0.00928425
0.016942472
0.009618913
0.022839586
0.016508204
0.025412212
0.015513086
0.006545818
0.009253743
0.00930216
0.010382855
0.010389157
0.008366676
0.012300101
0.015536433
0.010166292
0.011655043
0.01374628
0.016882482
0.007201716
0.002873697
0.013516155
0.007809614
0.00564969
0.007297021
0.021643786
0.007989788
0.007957415
0.008255414
0.011124127
0.01380561
0.016789633
0.003975606
0.011204105
0.012590932
0.019349816
0.004697766
0.013206081
0.013212436
0.009145618
0.011051224
0.008301359
0.011287497
0.013730447
0.013621441
0.024047348
0.008384327
0.012865507
0.014055317
0.024007739
0.019033095
0.012462835
0.007793833
0.010150834
0.009547393
0.021023365
0.007946065
0.005211545
0.006427867
0.006077646
0.01051355
0.018264534
0.018520462
0.007143107
0.010764477
0.007336641
0.018066999
0.009746557
0.023707869
0.017155176
0.012611846
0.008153442
0.012553116
0.014196201
0.014563781
0.013448328
0.005980331
0.011534892
0.020955869
0.008196192
0.010702795
0.010391304
0.014993514
0.018742557
0.009391454
0.004209373
0.006821425
0.013786735
0.008015486
0.005295628
0.008546553
0.012045143
0.023202002
0.015751476
0.005027582
0.006015298
0.012668827
0.016708417
0.02088168
0.011182894
0.014923529
0.010968294
0.00536278
0.016324398
0.012069239
0.022470114
0.007976563
0.016721366
0.009311743
0.004786456
0.011931982
0.013174662
0.014640647
0.013033663
0.008503637
0.012564239
0.013309006
0.015439929
0.00797111
0.0149437
0.009566951
0.010494248
0.009600247
0.007363115
0.008412266
0.00972433