0.015978035
0.00921047
0.025162279
0.004984046
0.012275744
0.003070652
0.007285009
0.007927116
0.009378377
0.01808565
0.016440119
0.0039109
0.015966995
0.006053987
0.016852273
0.010842164
0.019168506
0.009180277
0.007176796
0.008295208
0.006610945
0.012325156
0.014923118
0.014859341
0.020703751
0.012743287
0.012030861
0.011215562
0.015255657
0.007955791
0.012476968
0.009412708
0.008216084
0.006367487
0.010733134
0.012927624
0.007827558
0.014205488
0.006287417
0.006863936
0.00998272
0.006636209
0.007722166
0.00956551
0.008441709
0.014902208
0.013602844
0.009538393
0.015483957
0.010091781
0.012941456
0.005535494
0.016664711
0.007482696
0.004731446
0.013292536
0.017048677
0.009994536
0.015733237
0.013461959
0.018495661
0.018105492
0.017356991
0.010766209
0.016747747
0.0127955
0.012910726
0.015760725
0.017553136
0.012634177
0.00701242
0.00393609
0.009808822
0.011708668
0.01550254
0.013847837
0.011817405
0.012747234
0.022598189
0.00816886
0.017543383
0.005965135
0.010417564
0.005997917
0.01706988
0.014850224
0.005724384
0.016370617
0.010419934
0.013291501
0.009346586
0.014226597
0.008603773
0.007656106
0.010687347
0.014191813
0.007714594
0.007017593
0.008910659
0.019990143
0.014877089
0.007019989
0.009137861
0.012464149
0.008195037
0.015003861
0.008787114
0.011818654
0.006177478
0.008956215
0.010523662
0.004596252
0.010869283
0.016614612
0.018318605
0.023684758
0.017275042
0.015881757
0.014113936
0.009375431
0.02142522
0.007281117
0.019797274
0.020024495
0.004335876
0.012732314
0.010094253
0.003739658
0.009105166
0.01385563
0.005809702
0.008925078
0.008544893
0.007401599
0.020369031
0.015285215
0.009982915
0.008328007
0.010459237
0.014474113
0.003318324
0.015239965
0.012462432
0.011482276
0.010281235
0.00844124
0.00639599
0.010782138
0.007800941
0.009883449
0.008842419
0.020214183
0.017075815
0.015347602
0.011500042
0.013407435
0.01420951
0.020740992
0.019113421
0.017424647
0.010508789
0.009340449
0.010493686
0.012542664
0.008581327
0.009091942
0.010592491
0.016933437
0.014954914
0.014947828
0.011827417
0.009306609
0.010032048
0.00714301
0.010776311
0.009806784
0.008297968
0.006593593
0.010835305
0.011515397
0.025523276
0.007643842
0.010772316
0.008686198
0.014526685
0.014809328
0.012105763
0.009143336
0.009534248
0.014071745
0.02977661
0.014428526
0.009501189
0.011659886
0.015410356
0.01913384
0.010849787
0.017358461
0.014592825
0.010465255
0.025426897
0.008362519
0.012916624
0.006192235
0.011330229
0.012402478
0.006483629
0.004816924
0.006257206
0.009491048
0.010155353
0.020806411
0.01437436
0.009570233
0.007776059
0.014108018
0.019803841
0.021736138
0.006757354
0.019018284
0.007056257
0.011521649
0.009170044
0.006125664
0.02460713
0.005484658
0.015448145
0.010296708
0.012635751
0.011137664
0.019227942
0.009628511
0.015547349
0.014504282
0.020073343
0.020323316
0.007049301
0.007549549
0.006076013
0.005822821
0.012418084
0.006403367
0.004460839
0.01011828
0.012895005
0.014009003
0.007000551
0.008734917
0.027417568
0.0225337
0.004765225