0.01744505
0.008490778
0.006528476
0.010424366
0.013017574
0.018757955
0.005649532
0.014888754
0.009287503
0.006633401
0.01635176
0.013079343
0.011520011
0.015428198
0.013026478
0.019184345
0.009265568
0.012162013
0.010333441
0.007230801
0.010157268
0.016504609
0.004995398
0.016024059
0.007010598
0.005645017
0.011080286
0.011471062
0.010400514
0.006079035
0.014911131
0.013256445
0.015391307
0.009965918
0.013946744
0.020240458
0.01583344
0.018947133
0.010540814
0.016080968
0.016732086
0.009061394
0.015641773
0.01146079
0.019220822
0.010081165
0.009891923
0.004993806
0.017871043
0.01501473
0.015336425
0.017762222
0.020434377
0.015307384
0.003693329
0.015944179
0.018625986
0.008866645
0.011811629
0.010536724
0.016872762
0.01145948
0.012085361
0.005771483
0.009626246
0.018177258
0.012496164
0.008867727
0.00666636
0.009425084
0.007506064
0.006799672
0.007180837
0.011776698
0.006178015
0.011687115
0.01610017
0.008247255
0.01394777
0.008524543
0.013084327
0.007985045
0.005689185
0.02022769
0.025488585
0.014111709
0.008598733
0.011110577
0.019137056
0.012840214
0.007614725
0.015138218
0.003208038
0.016380587
0.008529037
0.012438981
0.014005812
0.015919917
0.009220415
0.024450609
0.01138152
0.013042164
0.012787676
0.011634891
0.012523345
0.014493625
0.008866041
0.00935814
0.012358027
0.010998047
0.007463145
0.00982657
0.009195414
0.015699956
0.016085124
0.027368366
0.018463094
0.008581808
0.008760612
0.01706149
0.011419303
0.009924149
0.013362142
0.017128734
0.007454311
0.016802799
0.005708615
0.021072067
0.008400808
0.017286366
0.005276978
0.011653008
0.009339745
0.012144217
0.011962016
0.003500117
0.007348042
0.009681621
0.009432664
0.007522484
0.016848747
0.011000367
0.007887714
0.021013685
0.008304355
0.006625
0.006193581
0.005612365
0.00610575
0.011610391
0.012739755
0.008102678
0.010799042
0.010709061
0.009090624
0.011130877
0.007975004
0.016120724
0.008342482
0.011154982
0.006924465
0.011627338
0.01657168
0.008733117
0.027566275
0.014244268
0.011241247
0.028069574
0.02043508
0.013699285
0.013852093
0.00563909
0.006197704
0.013900875
0.014742474
0.019838564
0.009786243
0.008478034
0.019465352
0.015086417
0.012305012
0.003748222
0.010335656
0.01190151
0.00642409
0.012682695
0.012176213
0.011851395
0.004527515
0.011880895
0.018761312
0.010074091
0.005590609
0.012145486
0.014066815
0.020547629
0.011825951
0.017240304
0.010589036
0.015040301
0.008069522
0.016860564
0.008482612
0.014718709
0.012927964
0.007500637
0.014107095
0.014242865
0.027220732
0.018811621
0.018502011
0.008141982
0.00813215
0.029489353
0.022385591
0.012588404
0.008541358
0.011744594
0.012399557
0.014446406
0.007945504
0.016465462
0.014010211
0.009178905
0.006632635
0.0054668
0.004523946
0.008290576
0.006427302
0.012093174
0.011908004
0.02291391
0.010863674
0.012399014
0.011351502
0.011523737
0.011479934
0.00644883
0.007733152
0.014201138
0.007676912
0.016786847
0.015856519
0.01241666
0.019568029
0.007122565
0.01124054
0.014112718
0.008778573
0.007958591
0.012751852