-0.005206541
0.000837659
0.006905859
0.011492659
0.002112859
0.002402059
-0.005310341
-0.006981541
0.003207459
0.010719459
-0.002113341
0.001428059
0.012123459
0.025082059
0.009602059
-0.001702741
-0.003436541
-0.002922741
0.011599259
0.001589059
-0.002426141
0.006330659
0.010709659
0.010898459
0.000814459
0.002552659
0.006082859
0.008886259
0.005036059
0.005916259
0.004632659
0.010907459
0.008329059
0.009906659
-0.036974141
-0.022700141
-0.010312541
-0.011017741
-0.014919741
-0.004632141
-0.007859541
-0.022516341
-0.008085141
-0.007866941
-0.011715141
-0.007754741
-0.002631341
0.012320259
0.004021459
-0.006536541
-0.000824741
0.006507459
0.011471259
-0.031111741
-0.032707941
-0.015606941
0.001915459
-0.005634341
-0.005815741
0.000512259
-0.004567341
-0.000240341
0.009639259
0.001520659
-0.002202541
0.000319659
0.002395859
0.011379659
0.002565259
0.004016459
0.013488059
0.005162059
0.010535659
-0.002167941
0.004136259
-0.000269141
0.008855659
0.005292059
0.015330659
0.018242859
-0.003773941
-0.000813741
0.006273659
0.023592859
0.015297059
0.004469859
0.003030259
0.011049459
0.018666659
0.019959859
0.014744659
0.009155859
0.008427659
0.010816859
0.016711259
0.010250659
0.007527459
0.011421859
0.015108859
0.020076459
0.017732259
0.008988059
0.020947659
0.018050859
0.016310459
0.003002659
0.011264059
0.023831259
0.022129859
0.013548659
0.018160059
0.015442259
0.019679059
0.021280859
-0.008530541
-0.003148541
0.005886859
0.018385059
0.014996059
0.007275659
0.009964259
0.019591459
0.019012459
0.016473659
0.028465059
0.019800659
0.011301659
0.014156259
0.024896659
0.028893859
0.026739059
0.032786859
0.025654259
-0.001078941
0.011562259
0.025333059
0.026014059
0.021582459
0.029161259
0.030609059
0.033835859
0.025854459
-0.000763141
0.024471259
0.024534659
0.030416459
0.028342859
0.039249659
0.050336259
0.042420459
0.043058459
0.048777059
0.064248059
0.055547859
0.048078259
0.052307459
0.043108859
0.052350059
0.047450059
0.053909459
0.054471459
0.053047259
0.058103259
0.052890459
0.051553659
0.048152659
0.049540059
0.055824459
0.066511059
0.064738059
0.052120059
0.059177859
0.070336459
0.066949659
0.055295059
0.059979259
0.066137659
0.068756659
0.060568459
0.065951859
0.068729059
0.062343859
0.057751459
0.054399659
0.062433459
0.069454859
0.062964259
0.068288259
0.062697459
0.071341459
0.071668259
0.069707259
0.060332459
0.061520259
0.076889059
0.073379459
0.068798659
0.067823859
0.083185059
0.077743659
0.070660859
0.065114459
0.071567059
0.074466659
0.069192859
0.076368459
0.080744659
0.081191259
0.071169059
0.077346459
0.075022059
0.077810659
0.075020059
0.076892059
0.073272259
0.074457659
0.066913459
0.077006459
0.075757659
0.083493659
0.084352659
0.078640459
0.084144659
0.082762259
0.080090459
0.075187859
0.075903459
0.078528259
0.082146459
0.089864059
0.092404659
0.086628459
0.090447859
0.092351059
0.092196659
0.094709659
0.085842659
0.089331259
0.086283259
0.099717859
0.102400459
0.090784859
0.092819059
0.089537059
0.090785259
0.101382459
0.101129259
0.090784059
0.096366859
0.102396659
0.108547859