0.013112629
0.008024218
0.007478974
0.014094286
0.009881451
0.016814098
0.012228959
0.002293177
0.007507904
0.018313431
0.013974079
0.008519633
0.020123845
0.018038435
0.018262018
0.011680141
0.009290775
0.005888267
0.021171215
0.011857283
0.01369833
0.005372597
0.016559431
0.012133958
0.009344185
0.010301421
0.017252749
0.01113534
0.014404757
0.01063277
0.019932594
0.005769513
0.013094313
0.01294629
0.014306544
0.021401645
0.015301863
0.005960452
0.010106851
0.01185768
0.007784606
0.00795811
0.012921029
0.00563032
0.007070578
0.003696946
0.00949018
0.017167847
0.004702481
0.006517648
0.01122748
0.007627257
0.011647022
0.012315399
0.013413905
0.012371181
0.017282339
0.004852203
0.013112078
0.014718539
0.00969957
0.013272811
0.011451123
0.011818988
0.007663168
0.01081568
0.011281276
0.010915951
0.005096101
0.012856658
0.012358117
0.010605361
0.019471443
0.010478728
0.008026458
0.007090288
0.00836276
0.021432017
0.0177823
0.016703646
0.00407731
0.005620545
0.008207463
0.01556854
0.017868564
0.011956855
0.011982253
0.01414631
0.023307181
0.012794523
0.015546472
0.008746232
0.00997431
0.013202119
0.01532266
0.016648527
0.009245256
0.005210074
0.016816729
0.017599749
0.005512188
0.006650885
0.003630463
0.005490404
0.003757204
0.006783596
0.012871898
0.008013301
0.007789983
0.013096002
0.008315726
0.006481888
0.0064644
0.008205776
0.014207069
0.008960776
0.007428987
0.010370287
0.007528638
0.01302128
0.008654781
0.015527097
0.005827243
0.010547493
0.014859837
0.011108244
0.011713187
0.008863535
0.015697657
0.008424854
0.012995829
0.021396951
0.016550883
0.005402297
0.017403322
0.015161961
0.025500902
0.010849313
0.010927989
0.011519501
0.010091768
0.012738039
0.00763788
0.020938512
0.014926064
0.004983375
0.014295747
0.006704544
0.017596695
0.013811019
0.01817701
0.0078762
0.01884979
0.017905079
0.006657088
0.011484058
0.010652012
0.015744055
0.013361217
0.017411173
0.014852741
0.007358135
0.012278797
0.004621725
0.005583616
0.006748892
0.005639841
0.016218746
0.009209956
0.012370448
0.006883729
0.008805317
0.017148025
0.005861428
0.007185506
0.011899686
0.007260148
0.014738009
0.005892744
0.00847152
0.012577447
0.003739207
0.004710868
0.006713082
0.003491646
0.008567736
0.011133864
0.021101926
0.0135351
0.031861893
0.007758876
0.011175212
0.009868996
0.013148483
0.029205927
0.015321944
0.013570318
0.007862747
0.018229702
0.014928334
0.005583412
0.016330193
0.022392262
0.017820257
0.010857888
0.010743411
0.009964577
0.023134139
0.009092094
0.008687538
0.019139771
0.007561326
0.016404783
0.012908602
0.014180328
0.009462481
0.006270335
0.00674392
0.012465597
0.017758955
0.010346666
0.009005081
0.021504895
0.004626266
0.009320164
0.003800922
0.00875271
0.013097165
0.012167187
0.008949982
0.007953364
0.006773799
0.013189346
0.013534482
0.011450443
0.009546877
0.004955583
0.005936215
0.010243217
0.010540591
0.009008206
0.008069712
0.014021898
0.006874807
0.010724315
0.005643756
0.010711421
0.00859278
0.004927931
0.010331878
0.019222852