-0.00675558
-0.00207638
0.00410102
0.00656662
0.00724142
-0.00352418
0.00025362
-0.00583458
-0.00402838
0.00205662
0.00422982
0.00181002
0.00205602
0.00145382
-0.00164998
0.00141422
-0.00027818
0.00234382
0.00084862
0.00293422
-0.00179718
0.00241442
0.01327482
0.01456102
0.01159642
0.01506062
0.01026962
0.00276242
0.00379262
0.00320522
0.00329922
0.00774542
0.00865742
-0.00129398
-0.04145278
-0.01849638
-0.00796778
-0.00447278
-0.01058438
-0.00019818
-0.01140438
-0.02846538
-0.00957738
-0.00644698
0.00221242
-0.00315898
-0.00271498
0.01454502
0.01848702
0.00393142
-0.00094618
0.00098522
0.01092962
-0.02949398
-0.03201158
-0.02176438
-0.00553818
-0.00327078
0.00067782
0.00039502
0.00606322
0.00496282
0.00350902
-0.00674958
0.00514362
0.00510482
0.00063702
0.00548462
0.01126662
0.00365922
0.00157662
0.00265602
0.00493502
0.01598162
0.01241562
0.00748622
0.00314942
0.00838362
0.01478882
0.00248562
0.00423802
0.00419962
0.00572682
0.01069102
0.00797222
0.00663322
0.01172942
0.01387842
0.01409902
0.01360662
0.01042962
0.01254222
0.02052282
0.00914262
0.00922222
0.01551202
0.00897262
0.01462742
0.01609922
0.02388142
0.02114362
0.01729422
0.00953722
0.01237462
0.01689082
0.01509102
0.01710902
0.02436522
0.01992982
0.00817042
0.01652742
0.01904042
0.02587762
0.00692082
-0.00987078
0.00788482
0.01610902
0.00866022
0.01426482
0.01037722
0.01771302
0.01756242
0.02919382
0.02645342
0.02294822
0.01084262
0.01226762
0.02171682
0.02094442
0.02186782
0.02854042
0.02716142
0.02345382
-0.00072878
0.01846102
0.02903362
0.02795242
0.02144642
0.03110302
0.04279042
0.04740762
0.03734582
-0.00330838
0.01163962
0.01508302
0.02191422
0.02990322
0.03455102
0.03855342
0.04252722
0.04158482
0.05231542
0.05986422
0.04965602
0.04776222
0.05480362
0.05282102
0.05948982
0.05776742
0.06101702
0.04320442
0.04436742
0.05202562
0.06838922
0.05953882
0.04977762
0.04823722
0.05344942
0.05157522
0.05077662
0.04647322
0.04978822
0.05882002
0.06013742
0.06096162
0.05711282
0.05561282
0.05303302
0.05760682
0.07364342
0.06581062
0.05246522
0.05619122
0.05304342
0.06423622
0.07355082
0.06844262
0.05859742
0.05575122
0.05974642
0.07102422
0.07114562
0.06740622
0.06531782
0.05892302
0.05914282
0.06053362
0.06470102
0.06259122
0.07117942
0.06898902
0.07350962
0.06698502
0.06100962
0.06965802
0.06963622
0.06235222
0.05921082
0.06376142
0.06421822
0.07009702
0.07557902
0.07028702
0.06322522
0.05479922
0.06144422
0.07301682
0.07425682
0.07305982
0.07970742
0.06951342
0.06777302
0.06536022
0.07181622
0.08801822
0.08405282
0.08101782
0.07816862
0.08098542
0.08105822
0.08253002
0.07662062
0.07717442
0.07975642
0.08924822
0.08831402
0.07217882
0.07829942
0.07728162
0.07869282
0.09378142
0.08605482
0.07727902
0.09213282
0.09727142
0.09224442
0.08098202
0.09128462
0.09366062
0.08875362
0.09060922