0.019318005
0.002623308
0.011973214
0.006163491
0.004713562
0.02061605
0.011927204
0.008279587
0.007985622
0.014496359
0.007970727
0.005917526
0.008554688
0.010880553
0.024740304
0.009159078
0.012024802
0.01232143
0.013345378
0.019103331
0.007406199
0.016380482
0.020052298
0.015063505
0.011943947
0.016368869
0.007835977
0.008359631
0.009093285
0.011171088
0.022480713
0.006447598
0.004915316
0.011846329
0.014551986
0.008128598
0.008432307
0.010010823
0.006255026
0.007007022
0.008302138
0.022214007
0.014597842
0.007216758
0.013195508
0.01083536
0.01636127
0.011443408
0.00997393
0.006644624
0.008278208
0.016710739
0.010639853
0.009441225
0.014368372
0.017998644
0.009697061
0.00708884
0.011338109
0.010724886
0.01196936
0.016356482
0.007063572
0.010894467
0.014403408
0.015833952
0.009498401
0.009238982
0.010231105
0.019577023
0.018497844
0.014846599
0.01002267
0.012498995
0.00404968
0.007565149
0.01291722
0.010521219
0.00976266
0.007515584
0.010542941
0.019691316
0.006792141
0.009283268
0.011783725
0.013284862
0.008728722
0.00621121
0.009619325
0.006879417
0.016147385
0.010202453
0.004382482
0.007118851
0.009470935
0.007746453
0.008879587
0.013623569
0.013773412
0.0106392
0.006662462
0.018916326
0.013323585
0.012504713
0.018010494
0.007789782
0.013398125
0.015616844
0.006573555
0.011354434
0.00865228
0.011878594
0.006375207
0.006305167
0.008466137
0.017251912
0.015488024
0.002169302
0.007536525
0.019242193
0.023323158
0.005026171
0.006478615
0.013315023
0.010056834
0.005811553
0.00537015
0.008448942
0.007747281
0.008313647
0.005109015
0.014824407
0.019232569
0.01071366
0.00452765
0.011398492
0.011124647
0.013655178
0.011914106
0.014704181
0.009539776
0.008432383
0.007397082
0.008869833
0.013400916
0.015029274
0.009407676
0.014755717
0.017342411
0.014355283
0.013166597
0.008304653
0.007008071
0.012258934
0.022063597
0.009379293
0.012943603
0.0097535
0.006935698
0.012733582
0.013225525
0.007962951
0.011903913
0.006689335
0.009206594
0.003621729
0.015771353
0.02380366
0.003754942
0.008484319
0.012452556
0.004797848
0.014360943
0.008482328
0.010294275
0.016342261
0.01449822
0.007620441
0.009729432
0.009052405
0.007115665
0.011271354
0.008773778
0.015863684
0.012442986
0.007928429
0.016849177
0.008245612
0.007911673
0.008368286
0.009997454
0.009597574
0.009766798
0.007616273
0.009443331
0.005479181
0.007649481
0.014384525
0.016040712
0.009117093
0.005401498
0.00955663
0.011775543
0.0171419
0.022078376
0.011356385
0.009547941
0.008557912
0.007245605
0.01491494
0.015060064
0.021328825
0.011319866
0.013339221
0.027536612
0.023810057
0.012581665
0.009063772
0.015661124
0.012688734
0.01345824
0.014615763
0.019335059
0.008991684
0.014320189
0.017799146
0.01331529
0.00695769
0.002908468
0.010135581
0.015448436
0.012515685
0.005717174
0.014326793
0.016541246
0.007185453
0.010515457
0.019502598
0.015706076
0.008965908
0.007340788
0.01233935
0.011959026
0.011730427
0.011967709
0.006931073
0.006115943
0.011961751
0.016282989
0.009436828
0.010633667