0.102834455
0.131082394
0.102559242
0.051563905
0.169034212
0.104088536
0.073991394
0.097944738
0.082199548
0.055494555
0.082656053
0.0914375
0.115610555
0.138693053
0.135224979
0.15451148
0.131086415
0.132473567
0.109540568
0.10636431
0.156019581
0.192982155
0.21616871
0.161445029
0.116537869
0.171662335
0.049157855
0.165648469
0.172602632
0.153005021
0.133046279
0.066692075
0.126444932
0.104987015
0.11815371
0.115070205
0.106616402
0.113900142
0.084591094
0.096671882
0.09507462
0.217654555
0.056782865
0.134689675
0.084365439
0.12001443
0.164264662
0.121276356
0.096838032
0.074961393
0.176566413
0.190109071
0.035787166
0.109246418
0.142160117
0.196574635
0.088808681
0.195421055
0.103984511
0.120306306
0.159646938
0.147225895
0.142757355
0.119720896
0.115443069
0.137281147
0.058401724
0.117711262
0.109079032
0.156248811
0.182557262
0.131105178
0.120727177
0.079014485
0.131283915
0.140004279
0.101284892
0.113752048
0.102164572
0.100517229
0.208720795
0.143651901
0.072392323
0.078818699
0.121807858
0.131589702
0.129362831
0.114551084
0.098694636
0.153705131
0.149213629
0.076729051
0.072767531
0.08666875
0.071576831
0.121340256
0.082015045
0.175803349
0.111988781
0.156919352
0.105265355
0.138070485
0.084510659
0.17399473
0.08116008
0.081376025
0.182241758
0.107493035
0.052629085
0.06266238
0.077170871
0.112174936
0.126050892
0.086833321
0.031649733
0.160747612
0.135980572
0.131756666
0.139587286
0.162672326
0.147700062
0.141835054
0.120359941
0.131780621
0.073373892
0.108301266
0.118844839
0.08038211
0.022875774
0.023015931
0.128863245
0.215928553
0.217666278
0.137752282
0.124117304
0.219920257
0.141865764
0.086786474
0.110194452
0.120739891
0.175952187
0.084492901
0.146149901
0.08267456
0.151227264
0.114805311
0.139757677
0.159823739
0.133039027
0.03711575
0.118794388
0.126366024
0.113251451
0.11418281
0.210288576
0.081678382
0.065806053
0.110942042
0.128477769
0.139985885
0.055577364
0.063899529
0.171340428
0.086207857
0.035935424
0.118869945
0.183977404
0.154218271
0.10957172
0.090256907
0.071587513
0.12318975
0.125144789
0.049585349
0.124535295
0.149774641
0.13552094
0.040049699
0.152320254
0.088084108
0.088256906
0.05557213
0.096209485
0.126464297
0.154125504
0.129925494
0.158807125
0.063049213
0.087659779
0.154940594
0.189075215
0.143169196
0.130114412
0.12960302
0.099521252
0.062528318
0.090988044
0.144526484
0.135790283
0.060844641
0.17257578
0.14185668
0.122585972
0.200793573
0.167925532
0.083492901
0.067743866
0.118739066
0.095177212
0.187814332
0.17028742
0.152237434
0.134736992
0.178132898
0.203291738
0.198289433
0.18995691
0.168729161
0.15012174
0.120375186
0.108153182
0.243550371
0.165491103
0.090314878
0.167581768
0.167003008
0.15974381
0.076186267
0.097561219
0.118152507
0.138158805
0.121137352
0.068637806
0.129453813
0.185155936
0.09728715
0.124750575
0.179038393
0.106060895
0.044045282
0.117838711
0.151023061
0.112700887
0.070650281
0.079564393
0.101026804
0.125794363
0.101008143
0.127718174
0.098666775
0.076844404