0.080163506
0.059913829
0.072669059
0.088083777
0.139233801
0.153522273
0.084750991
0.172613682
0.158819548
0.121912349
0.09892758
0.089792572
0.105958342
0.16555621
0.094988118
0.039584976
0.109808161
0.06738355
0.06549341
0.129127386
0.130612452
0.112080534
0.081071606
0.109341537
0.108347768
0.134537964
0.105088715
0.134932745
0.154688684
0.161218664
0.111949391
0.0707846
0.050420268
0.170204005
0.126316133
0.11259703
0.102752785
0.038177754
0.065339196
0.044557601
0.127623799
0.151966206
0.147836799
0.16498732
0.096899692
0.125927161
0.147519507
0.128569016
0.092094633
0.148849422
0.097448947
0.043646808
0.083880579
0.060329919
0.145515645
0.073749457
0.10595639
0.11882851
0.039468401
0.088131207
0.162036159
0.099610417
0.099173639
0.156004508
0.199537878
0.121379267
0.071573128
0.085782554
0.073952454
0.115443763
0.093975076
0.111845184
0.117359688
0.103166079
0.072341989
0.074653184
0.112364325
0.121818772
0.167330443
0.128573905
0.145000037
0.096515633
0.16369839
0.147123092
0.163004508
0.093710278
0.064393283
0.126396261
0.120820065
0.102642837
0.072609914
0.159779946
0.178699035
0.194794748
0.146062277
0.15626256
0.176601761
0.127077972
0.121349105
0.094901749
0.196297919
0.116537822
0.185349214
0.188009661
0.102504343
0.18625562
0.061637223
0.155326794
0.178955693
0.148462416
0.178890578
0.118730811
0.125739709
0.02351447
0.086860389
0.112590789
0.098452328
0.05856271
0.06248416
0.178643876
0.182649041
0.026941869
0.115715349
0.072642359
0.116844222
0.11834484
0.092648213
0.142388493
0.233007525
0.167766298
0.213383335
0.125888819
0.071569485
0.088013877
0.070911058
0.063137995
0.047460698
0.102824456
0.14240491
0.135067305
0.109425749
0.151672925
0.157008202
0.124381143
0.095031664
0.141338765
0.11367843
0.061262629
0.072231198
0.153688016
0.118465059
0.127796957
0.034924242
0.101322973
0.167918886
0.100413436
0.093506134
0.083346714
0.144715769
0.208480174
0.144056935
0.116096157
0.146678935
0.088419337
0.170423755
0.126464193
0.147305274
0.131669598
0.1224907
0.162996957
0.201595234
0.076734867
0.108749596
0.122048984
0.179629083
0.151264682
0.063239083
0.033886176
0.121146376
0.144456315
0.171997434
0.063138474
0.03225322
0.085753104
0.04507997
0.126094826
0.215852658
0.102558472
0.044335413
0.150215273
0.119935302
0.199199428
0.172655413
0.210163012
0.14019073
0.118028186
0.159668234
0.162504561
0.082604456
0.033799802
0.021831439
0.098998511
0.173637133
0.098408988
0.146515087
0.165310338
0.148386482
0.110254424
0.193796017
0.103423924
0.027038355
0.093539376
0.136189744
0.076273095
0.068272918
0.077637303
0.216824866
0.255009114
0.113625664
0.063200136
0.137464096
0.255248599
0.247112066
0.234447038
0.10484108
0.071121003
0.104891496
0.107582115
0.142049812
0.191286898
0.219367618
0.063851458
0.074355618
0.075411065
0.087844015
0.154337891
0.149251334
0.135898608
0.150426467
0.109910472
0.174709782
0.169191467
0.106296912
0.163507171
0.148927229
0.161629833
0.137282003
0.108958475
0.086796714
0.158471645
0.09712654