0.057581399
0.089017158
0.078422841
0.075790847
0.083514578
0.059755657
0.084644999
0.077427095
0.112478888
0.080256686
0.102176334
0.130794145
0.11440488
0.115971778
0.14087752
0.067705102
0.122806774
0.122035771
0.128696679
0.063057292
0.070095119
0.08233937
0.104444433
0.124417881
0.100648665
0.108476475
0.105088789
0.128204935
0.139321187
0.049877279
0.066981059
0.094891921
0.067748741
0.098940615
0.061555886
0.062500469
0.097519966
0.101300938
0.096542375
0.068995907
0.061200881
0.040009687
0.059276103
0.059315335
0.132353839
0.112757134
0.097177877
0.114215565
0.180986401
0.124018827
0.107628295
0.077195078
0.14834021
0.061275984
0.071954344
0.123511964
0.087008793
0.137735045
0.119198351
0.123001999
0.179231998
0.194692244
0.120295556
0.111832182
0.133635518
0.183423047
0.110648126
0.140644128
0.096374092
0.1638077
0.08644179
0.05747028
0.067327143
0.078016023
0.123247782
0.044226879
0.098853675
0.108182781
0.128113518
0.08140701
0.134775505
0.111799322
0.098074868
0.105317753
0.16955547
0.112663903
0.121346227
0.102535293
0.088322701
0.123128027
0.098645789
0.111160586
0.071057171
0.079605125
0.168140066
0.102731352
0.048868873
0.086091626
0.104037139
0.089634787
0.128537749
0.128909967
0.093163285
0.108103611
0.080635046
0.0992501
0.058083447
0.082306303
0.062421525
0.052519618
0.083792421
0.074091708
0.097033914
0.062862814
0.151445223
0.105110692
0.17035494
0.102529611
0.12303669
0.093589311
0.146332476
0.090677164
0.183113941
0.094231493
0.086068114
0.070565489
0.050125284
0.066849419
0.113814069
0.133769188
0.062296369
0.030821193
0.055389167
0.103181304
0.19441965
0.081506547
0.070769075
0.076738223
0.048286645
0.091645735
0.105002147
0.119568598
0.083346946
0.104366678
0.09455645
0.063773674
0.020663505
0.055592095
0.143374499
0.113888401
0.084733185
0.136627574
0.145530913
0.122446232
0.123706574
0.145998215
0.13509277
0.153224152
0.157461193
0.150445811
0.037606825
0.056858581
0.085600551
0.085939595
0.061424887
0.086669682
0.122455904
0.173196395
0.131496093
0.163567108
0.083585577
0.066099485
0.079333886
0.149869234
0.130803729
0.104684022
0.097147937
0.126975615
0.10499297
0.115067133
0.039929748
0.097351839
0.117185294
0.084182512
0.148071211
0.101617319
0.110873903
0.11940449
0.056114232
0.173079738
0.17947886
0.12591938
0.110434764
0.049415441
0.124706248
0.081972001
0.069100632
0.109951966
0.111700308
0.14200795
0.125365831
0.063828502
0.075016457
0.091872169
0.157948154
0.069904458
0.086548246
0.045895682
0.086792755
0.119075782
0.102764466
0.19539763
0.098071766
0.043001171
0.138554268
0.140236049
0.157487047
0.129272507
0.101858231
0.10381659
0.099197062
0.17321639
0.039415058
0.102978096
0.1343358
0.1173249
0.14726233
0.093761452
0.117830915
0.088118917
0.113412341
0.109470874
0.147612967
0.134272351
0.172732645
0.048974852
0.067613753
0.0578897
0.059614907
0.087773653
0.072390871
0.032020617
0.023529215
0.110699616
0.171394615
0.087680146
0.044336922
0.12229825
0.197778109
0.108569859
0.028245481