-0.064653804
0.010836196
0.062884196
0.065948196
-0.019025804
-0.076897804
-0.112385804
-0.097027804
0.085296196
0.099304196
-0.009329804
-0.000477804
0.120724196
0.184972196
0.004366196
-0.051785804
-0.063807804
0.023944196
0.100018196
-0.035895804
-0.018517804
0.072304196
0.120462196
0.103416196
0.024838196
0.096842196
0.055820196
0.037474196
0.057530196
0.049288196
0.093350196
0.117708196
0.085276196
0.029714196
-0.460207804
-0.309625804
-0.127957804
-0.158781804
-0.149053804
-0.005671804
-0.061323804
-0.157543804
-0.035453804
-0.068571804
-0.036601804
0.036154196
0.092590196
0.161708196
0.033214196
-0.000423804
0.095038196
0.146354196
0.067284196
-0.353021804
-0.265745804
0.019996196
0.029264196
-0.076931804
-0.009209804
0.045902196
0.040994196
0.095286196
0.062754196
-0.022925804
0.045678196
0.105834196
0.133152196
0.188940196
0.116290196
0.186318196
0.245148196
0.176816196
0.102094196
0.083274196
0.144608196
0.189462196
0.207992196
0.235286196
0.283996196
0.194214196
0.050530196
0.129918196
0.280624196
0.318662196
0.172114196
0.110830196
0.176942196
0.235144196
0.314414196
0.293368196
0.240888196
0.187860196
0.196596196
0.263044196
0.284778196
0.242712196
0.200206196
0.274536196
0.319212196
0.311618196
0.289780196
0.289492196
0.345384196
0.352838196
0.247792196
0.261462196
0.375184196
0.412258196
0.363994196
0.333996196
0.390034196
0.403378196
0.486260196
0.355192196
0.174552196
0.186040196
0.356152196
0.378448196
0.294284196
0.293158196
0.441190196
0.452172196
0.453442196
0.488070196
0.532410196
0.409760196
0.430650196
0.497192196
0.665242196
0.640468196
0.635466196
0.662776196
0.570842196
0.378176196
0.564934196
0.644366196
0.620586196
0.649358196
0.718236196
0.749440196
0.808154196
0.683752196
0.495304196
0.665010196
0.686722196
0.746758196
0.840678196
0.941288196
0.964242196
0.919614196
0.978220196
1.074084196
1.144800196
1.059358196
1.024336196
1.053858196
1.087078196
1.067446196
1.102666196
1.176348196
1.168034196
1.137362196
1.208862196
1.182804196
1.192890196
1.165224196
1.213028196
1.279298196
1.316552196
1.276816196
1.216966196
1.297726196
1.363738196
1.271048196
1.230534196
1.386212196
1.401806196
1.375968196
1.371510196
1.450158196
1.441738196
1.337396196
1.296602196
1.423384196
1.488722196
1.467216196
1.440318196
1.438028196
1.450794196
1.496790196
1.500806196
1.450490196
1.435270196
1.468698196
1.551458196
1.531488196
1.504188196
1.592670196
1.655654196
1.584406196
1.531738196
1.556836196
1.581940196
1.622068196
1.634340196
1.676496196
1.739794196
1.724486196
1.640038196
1.688400196
1.651156196
1.708784196
1.728800196
1.701264196
1.697004196
1.691550196
1.686864196
1.699084196
1.792102196
1.806988196
1.790352196
1.762066196
1.780628196
1.791114196
1.758818196
1.785534196
1.736992196
1.825512196
1.867712196
1.987390196
1.970446196
1.909602196
1.962042196
1.968316196
2.008550196
1.995580196
1.872100196
1.910758196
1.967144196
2.112452196
2.096176196
2.045508196
2.025544196
2.006466196
2.061294196
2.129378196
2.135030196
2.084396196
2.132720196
2.236140196
2.235640196