-0.010516745
-0.031244745
0.045657255
0.023921255
0.049985255
0.037483255
0.000141255
-0.067940745
0.057931255
0.052561255
0.009499255
-0.057794745
0.020711255
0.142521255
0.215633255
0.098855255
-0.007790745
0.020935255
0.172797255
0.198781255
0.128887255
0.012529255
0.036763255
0.118097255
0.207113255
0.055347255
0.043881255
0.094499255
0.140091255
0.159995255
0.054675255
0.022409255
0.124265255
0.141317255
-0.375030745
-0.332248745
-0.289862745
-0.211630745
-0.134796745
-0.028876745
-0.122324745
-0.287936745
-0.250992745
-0.214928745
-0.131826745
-0.017990745
0.003719255
0.012501255
0.024561255
0.024841255
0.020825255
-0.035766745
-0.046128745
-0.407490745
-0.322484745
-0.149482745
-0.131382745
-0.164116745
-0.099544745
0.049925255
0.081625255
0.004001255
-0.083078745
-0.089168745
-0.028702745
-0.011352745
0.008295255
0.023309255
0.102535255
0.095111255
0.047905255
0.077265255
0.063251255
0.026967255
0.089033255
0.164173255
0.074561255
0.020837255
0.105827255
0.247749255
0.172571255
0.070113255
0.091547255
0.144611255
0.089177255
0.137683255
0.190651255
0.210795255
0.196729255
0.134935255
0.145271255
0.182655255
0.205273255
0.203137255
0.128703255
0.125345255
0.195613255
0.172319255
0.216599255
0.177233255
0.256133255
0.292097255
0.291179255
0.160841255
0.030177255
0.136963255
0.194981255
0.283125255
0.229227255
0.135401255
0.203349255
0.236679255
0.258143255
0.000809255
-0.132648745
0.042049255
0.190683255
0.082699255
0.039669255
0.100865255
0.189955255
0.237695255
0.223389255
0.305165255
0.283405255
0.300381255
0.354419255
0.268573255
0.368351255
0.384495255
0.384387255
0.333053255
0.277271255
0.242487255
0.382417255
0.353399255
0.334383255
0.413455255
0.547135255
0.611973255
0.592981255
0.537447255
0.298989255
0.465233255
0.470517255
0.524635255
0.580133255
0.643461255
0.789743255
0.785271255
0.843505255
0.915111255
0.920019255
0.932073255
0.981811255
1.010633255
0.987291255
1.040045255
1.036111255
1.058631255
1.151751255
1.200699255
1.180025255
1.148431255
1.260755255
1.350875255
1.312511255
1.293151255
1.320231255
1.342853255
1.340265255
1.326531255
1.433799255
1.452477255
1.464873255
1.475725255
1.466119255
1.434577255
1.404447255
1.486917255
1.582281255
1.632607255
1.552835255
1.508681255
1.599161255
1.703739255
1.785825255
1.705505255
1.646889255
1.705837255
1.756209255
1.779007255
1.736145255
1.851151255
1.854187255
1.842887255
1.836021255
1.804297255
1.929375255
1.950159255
1.853355255
1.844613255
1.999527255
2.030547255
1.948989255
1.953871255
2.024669255
2.035343255
2.025831255
1.984921255
2.105591255
2.149075255
2.071157255
2.076831255
2.178799255
2.245057255
2.247815255
2.267087255
2.250309255
2.272503255
2.330027255
2.361599255
2.314573255
2.402669255
2.453115255
2.489993255
2.409079255
2.480497255
2.554551255
2.566797255
2.530723255
2.494789255
2.582967255
2.592085255
2.575731255
2.558649255
2.594041255
2.643785255
2.628299255
2.669071255
2.697399255
2.735551255
2.739217255
2.796261255
2.735705255
2.669143255
2.753035255
2.844349255
2.828329255
2.893603255
2.930155255