-0.060912863
-0.006106863
0.100861137
0.089085137
0.036863137
0.044891137
-0.008958863
-0.068978863
-0.056102863
0.031061137
0.169745137
0.108603137
-0.019584863
0.062763137
0.162347137
0.129361137
0.051691137
-0.048958863
-0.055304863
-0.000586863
0.071561137
0.094501137
0.128721137
0.046475137
0.044005137
0.009951137
0.009839137
0.019267137
0.071633137
0.075783137
0.065357137
0.128091137
0.168469137
0.051675137
-0.430408863
-0.334124863
-0.125472863
-0.097920863
-0.156404863
-0.088346863
-0.248738863
-0.285386863
-0.107678863
-0.040298863
0.011827137
0.005979137
0.059573137
0.084623137
0.084829137
0.017837137
0.003007137
0.014817137
-0.046462863
-0.426686863
-0.362116863
-0.195916863
-0.059294863
-0.068512863
0.019547137
0.091981137
0.108801137
0.038191137
-0.058746863
-0.101406863
0.066759137
0.111983137
0.034899137
0.068277137
0.145493137
0.209627137
0.204137137
0.089701137
0.114609137
0.189839137
0.133849137
0.131051137
0.191463137
0.218405137
0.184525137
0.099061137
0.081603137
0.096653137
0.033351137
0.161505137
0.228907137
0.117757137
0.174853137
0.275697137
0.260373137
0.194509137
0.192979137
0.197863137
0.313765137
0.234507137
0.161311137
0.205313137
0.232323137
0.276749137
0.264971137
0.271279137
0.298917137
0.248925137
0.210875137
0.311237137
0.322105137
0.348977137
0.322165137
0.313783137
0.327461137
0.389381137
0.398069137
0.350173137
0.290297137
0.197583137
0.104975137
0.320885137
0.327051137
0.206455137
0.235815137
0.276681137
0.352005137
0.359437137
0.452069137
0.418081137
0.434195137
0.337711137
0.430567137
0.511567137
0.546869137
0.581679137
0.633605137
0.616651137
0.513807137
0.407097137
0.537949137
0.624739137
0.578593137
0.703079137
0.716309137
0.831389137
0.828495137
0.653279137
0.350067137
0.556423137
0.665213137
0.720999137
0.781631137
0.788923137
0.873583137
0.906487137
0.962171137
0.982105137
1.062155137
1.118419137
1.102107137
1.124099137
1.173837137
1.142561137
1.191503137
1.199999137
1.206575137
1.142859137
1.116041137
1.272003137
1.346699137
1.184431137
1.196211137
1.333341137
1.392805137
1.294095137
1.151535137
1.201259137
1.332107137
1.357453137
1.416165137
1.383987137
1.346891137
1.427841137
1.515053137
1.446491137
1.486685137
1.521833137
1.464157137
1.451875137
1.497381137
1.541071137
1.571843137
1.613825137
1.618831137
1.611507137
1.663567137
1.653751137
1.622515137
1.700609137
1.701957137
1.703577137
1.664135137
1.681555137
1.653051137
1.707129137
1.689511137
1.764523137
1.835223137
1.852351137
1.770619137
1.727259137
1.747349137
1.847685137
1.943771137
1.881279137
1.840867137
1.796123137
1.836955137
1.918295137
1.929791137
1.958265137
1.956997137
1.993975137
2.009863137
2.060257137
2.056759137
2.022801137
2.031549137
2.029137137
2.154555137
2.103809137
2.041079137
2.071385137
2.132099137
2.173711137
2.162671137
2.176507137
2.197947137
2.188065137
2.203061137
2.290017137
2.272367137
2.213737137
2.246449137
2.317075137
2.342721137
2.345063137
2.367005137
2.352117137
2.300485137
2.375251137
2.300159137
2.414543137
2.436961137
2.448947137
2.381797137