0.073452103
0.098805181
0.048590833
0.104199359
0.103183926
0.105342638
0.038276423
0.027587753
0.108454683
0.167809064
0.058297224
0.133221814
0.091764947
0.150170779
0.185260061
0.116647803
0.103072938
0.078102641
0.131454656
0.090433216
0.090429181
0.077555695
0.097332384
0.143009074
0.098221291
0.144773765
0.122386046
0.184796594
0.121129492
0.113011422
0.105891777
0.145762361
0.192580877
0.111095299
0.149724973
0.181784739
0.145522598
0.130888481
0.118309688
0.152378263
0.082170918
0.072387656
0.075335418
0.102537938
0.040577429
0.059422406
0.121462841
0.122209352
0.074996689
0.09692092
0.109822322
0.087274776
0.118085572
0.124469612
0.110584924
0.171665279
0.090369271
0.146429677
0.141868251
0.115584227
0.114185118
0.124970311
0.112962703
0.082873102
0.130134939
0.115344237
0.044036339
0.103912379
0.065092763
0.110029825
0.12500077
0.144083242
0.166463298
0.135875673
0.138127133
0.117879966
0.123912374
0.170444685
0.116111751
0.119623953
0.056685604
0.073547158
0.104556254
0.12689181
0.084168469
0.086685629
0.119154347
0.099322835
0.22394982
0.124276489
0.137291455
0.12836981
0.120998316
0.112626397
0.16899271
0.107051217
0.101048306
0.105527836
0.087942647
0.156552284
0.121598595
0.08754974
0.076109184
0.059157176
0.101925993
0.128959496
0.135160148
0.065537127
0.11898688
0.077299436
0.052333419
0.10933831
0.065567906
0.156842366
0.155941596
0.110987427
0.102422681
0.104845714
0.102175547
0.133827247
0.113738211
0.097322828
0.057188431
0.090247691
0.124259111
0.14783365
0.102064936
0.112350761
0.124356212
0.094207738
0.1469501
0.185903268
0.139035007
0.095339596
0.146718845
0.164448747
0.248995835
0.050674011
0.094321713
0.097052173
0.128872399
0.098303552
0.105613035
0.13117085
0.068834321
0.144456541
0.145368905
0.06234286
0.111582419
0.110451677
0.148183863
0.088377417
0.18520065
0.108269297
0.090547257
0.054359464
0.124388197
0.133810449
0.124318171
0.112402573
0.111855645
0.167442502
0.127503111
0.067127097
0.063133698
0.106352763
0.082030736
0.099246405
0.099521295
0.072744389
0.093863844
0.064230967
0.145155187
0.054669818
0.103617828
0.143895644
0.128883003
0.089035053
0.090455055
0.12325224
0.110015426
0.063356179
0.077311047
0.042870925
0.100857931
0.089911001
0.209005499
0.131073461
0.251881085
0.202866514
0.042496084
0.130944801
0.091790024
0.205599343
0.294990198
0.162022626
0.126928531
0.121302751
0.081069981
0.081690904
0.100036944
0.181436504
0.228552005
0.187802896
0.123076042
0.108446654
0.189683952
0.200888085
0.145306471
0.205961218
0.209799003
0.163508414
0.191516212
0.151179004
0.127945295
0.136543793
0.089586046
0.097584459
0.134871839
0.138922084
0.119622995
0.098510477
0.109415509
0.095546846
0.113125418
0.066224161
0.029852388
0.069806108
0.120125052
0.142368848
0.106716567
0.133586173
0.131806322
0.083812288
0.12654499
0.118704285
0.084707462
0.125004725
0.081911526
0.036023231
0.093238953
0.032915737
0.076104058
0.065204955
0.071137561
0.066667282
0.13619051
0.056254149
0.126031571
0.090236441
0.121416849