0.044503873
0.077346926
0.049736668
0.102131113
0.117520417
0.061202141
0.188255181
0.182013966
0.128119631
0.097543927
0.124532345
0.117661199
0.148550407
0.084658769
0.133658135
0.153903478
0.16049899
0.179926302
0.1292451
0.061781465
0.098682382
0.057284891
0.14051301
0.137539779
0.035189479
0.140709876
0.150063812
0.172379889
0.053667907
0.083169824
0.132147464
0.115782237
0.146005327
0.111639406
0.14141253
0.093632341
0.168399744
0.161231056
0.138148159
0.171807051
0.123148564
0.144783742
0.134902071
0.119725787
0.121164764
0.127850619
0.067573769
0.071826803
0.153168755
0.141364297
0.166942788
0.19008038
0.239287198
0.076148214
0.09507496
0.263179466
0.110000935
0.160940693
0.070937208
0.161793354
0.152542281
0.113342559
0.067603483
0.16655622
0.150823243
0.139897631
0.062745304
0.024616459
0.126390541
0.117057591
0.063343618
0.082361336
0.109637781
0.125009389
0.099529494
0.082172134
0.101933405
0.102318852
0.139746867
0.085240931
0.14359341
0.097162415
0.032726274
0.164962592
0.173281594
0.087563549
0.077606514
0.155252436
0.096375709
0.123064843
0.13920557
0.08952302
0.055764762
0.046693087
0.057998276
0.054096491
0.114677337
0.117711994
0.116501988
0.184022242
0.076804408
0.175527905
0.16601746
0.149069486
0.107079858
0.113334422
0.070629751
0.150629795
0.094817044
0.103983909
0.121109673
0.086889379
0.128248641
0.04021508
0.14487273
0.165673318
0.153203505
0.052779275
0.101547865
0.086605993
0.166495591
0.150752829
0.126398901
0.101015757
0.159527195
0.126797778
0.107826133
0.076867475
0.101235424
0.200908005
0.071429237
0.148929242
0.060473815
0.094756672
0.056769564
0.075658219
0.047219794
0.073132012
0.055275807
0.062547956
0.096506561
0.072391999
0.135737729
0.159204773
0.125550555
0.104090018
0.035348762
0.130552066
0.145405595
0.140058288
0.103454333
0.102532377
0.088946179
0.039322109
0.118521843
0.112448284
0.083613107
0.066377877
0.106545075
0.087324118
0.194399425
0.206682552
0.183989928
0.174649008
0.18524462
0.105845028
0.123112279
0.192786351
0.190035734
0.175640932
0.140441208
0.051812496
0.083818225
0.147598234
0.156896384
0.147478634
0.118779585
0.098804171
0.20723522
0.136326872
0.149550505
0.125992227
0.119375731
0.099002853
0.12606119
0.121040122
0.154896944
0.136992461
0.089144606
0.191581251
0.199690533
0.1347276
0.0449768
0.1589921
0.175885136
0.113088888
0.145366837
0.155852367
0.108059119
0.035997956
0.150718163
0.134891181
0.126423768
0.152940219
0.101718033
0.110430525
0.180968533
0.179509482
0.256925361
0.051495414
0.191025836
0.097343188
0.146150485
0.208274238
0.078692072
0.107510706
0.146421485
0.082026076
0.106383796
0.103061423
0.070852681
0.108954781
0.043493016
0.10830798
0.050607779
0.075074912
0.11730292
0.1143257
0.067882112
0.143610598
0.121930436
0.094591245
0.163514543
0.161626226
0.127040229
0.065790638
0.080481072
0.044003995
0.15654949
0.166185741
0.076266503
0.140396623
0.146774862
0.159925604
0.108642854
0.072949884
0.09507474
0.061902979
0.112816627
0.037191769
0.121210921