-0.031282824
0.016741176
0.059667176
0.068271176
-0.029746824
-0.028468824
-0.011502824
-0.073466824
-0.057994824
0.035819176
0.035455176
0.015441176
0.032065176
-0.028974824
-0.035246824
0.016473176
-0.029744824
-0.020634824
0.033567176
0.033533176
-0.058498824
0.063831176
0.111391176
0.124631176
0.105737176
0.180695176
0.042751176
0.022213176
0.054337176
0.077137176
0.075123176
0.115577176
0.064431176
-0.041580824
-0.388718824
-0.167782824
-0.038220824
-0.088606824
-0.057560824
-0.008546824
-0.157256824
-0.213250824
-0.034478824
0.012997176
-0.004094824
-0.024980824
0.052151176
0.134447176
0.061139176
-0.056270824
0.041289176
0.078669176
0.061027176
-0.333112824
-0.275250824
-0.108222824
-0.006458824
-0.064906824
-0.024574824
0.025715176
0.082325176
0.076877176
0.007265176
-0.013138824
0.116227176
0.081599176
0.076101176
0.160241176
0.160337176
0.117209176
0.065145176
0.095663176
0.121889176
0.165577176
0.117519176
0.100755176
0.126513176
0.185977176
0.200017176
0.055059176
0.065145176
0.135197176
0.169063176
0.191597176
0.183101176
0.141007176
0.164323176
0.258669176
0.234135176
0.241041176
0.234799176
0.281411176
0.283845176
0.228691176
0.227767176
0.246535176
0.273487176
0.281199176
0.316491176
0.303835176
0.277405176
0.197361176
0.164349176
0.239819176
0.226221176
0.296041176
0.349479176
0.386545176
0.291549176
0.292353176
0.322753176
0.360873176
0.417357176
0.180729176
0.070233176
0.220113176
0.269949176
0.167195176
0.261003176
0.305251176
0.327471176
0.433047176
0.480469176
0.513085176
0.424399176
0.312493176
0.386997176
0.489515176
0.520335176
0.536925176
0.542537176
0.580547176
0.524113176
0.403171176
0.588965176
0.672175176
0.632873176
0.603495176
0.701737176
0.829163176
0.869029176
0.688621176
0.372887176
0.529429176
0.581055176
0.628523176
0.771911176
0.814561176
0.827631176
0.803547176
0.878297176
0.970385176
1.000361176
0.936187176
1.017519176
1.024593176
1.058167176
1.069245176
1.066691176
1.002637176
0.948049176
1.001847176
1.107621176
1.138039176
1.097335176
1.055243176
1.039389176
1.083237176
1.079677176
1.052605176
1.078177176
1.199881176
1.194815176
1.205433176
1.181131176
1.216479176
1.177227176
1.177675176
1.269817176
1.323223176
1.216579176
1.201509176
1.232265176
1.258041176
1.351921176
1.332499176
1.250135176
1.243649176
1.294015176
1.347913176
1.425359176
1.366283176
1.322921176
1.360741176
1.301901176
1.362583176
1.373561176
1.407725176
1.431577176
1.398715176
1.446623176
1.438587176
1.360885176
1.394311176
1.527053176
1.458933176
1.425611176
1.461447176
1.499513176
1.518473176
1.566323176
1.571569176
1.397931176
1.377265176
1.414679176
1.494727176
1.510075176
1.602189176
1.629449176
1.585817176
1.523583176
1.466721176
1.494589176
1.590903176
1.716587176
1.640437176
1.607821176
1.631287176
1.662097176
1.696185176
1.676069176
1.638305176
1.681587176
1.710561176
1.724869176
1.718239176
1.632683176
1.659957176
1.652547176
1.769319176
1.793069176
1.740303176
1.762877176
1.920251176
1.935865176
1.824425176
1.762209176
1.788129176
1.869585176
1.826313176
1.873675176