1.17476
1.17392
1.17376
1.17314
1.17442
1.17479
1.18571
1.19652
1.2066
1.21908
1.2294
1.24129
1.25189
1.26326
1.27372
1.28595
1.29396
1.30213
1.3107
1.3194
1.32712
1.33542
1.34481
1.35178
1.36059
1.36818
1.38737
1.4056
1.4245
1.44477
1.46302
1.48183
1.5008
1.51956
1.5375
1.55659
1.57977
1.60204
1.62374
1.649
1.67089
1.69344
1.71552
1.73977
1.76407
1.78695
1.81787
1.8528
1.88681
1.91919
1.95267
1.98847
2.02168
2.05463
2.08873
2.12439
2.14869
2.17566
2.2027
2.23017
2.25726
2.28268
2.30971
2.33896
2.36305
2.39003
2.41068
2.43072
2.4529
2.47417
2.49567
2.51653
2.5379
2.55893
2.58088
2.60054
2.62801
2.6626
2.69433
2.72517
2.75763
2.78634
2.81966
2.85073
2.88291
2.91514
2.94509
2.97377
3.00706
3.03692
3.06786
3.0979
3.12876
3.16145
3.19454
3.22237
3.29389
3.37595
3.44951
3.52934
3.60335
3.68073
3.75784
3.83474
3.9109
3.97969
4.10842
4.23739
4.35938
4.48257
4.6094
4.73939
4.86174
4.98884
5.10853
5.2405
5.32362
5.40267
5.48315
5.56456
5.65282
5.73762
5.81604
5.90469
5.98248
6.06541
6.10103
6.13511
6.16496
6.19559
6.23701
6.27069
6.30054
6.334
6.366
6.39545
6.38494
6.36349
6.34648
6.31827
6.30161
6.29014
6.27717
6.25026
6.22646
6.21233
6.18036
6.14805
6.11808
6.08429
6.05381
6.05287
6.05639
6.0546
6.05394
6.06203
5.94606
5.91109
5.88248
5.85282
5.82524
5.79161
5.75509
5.72996
5.69789
5.6671
5.60997
5.55039
5.50192
5.4416
5.38983
5.32881
5.27705
5.21517
5.15717
5.10084
5.07501
5.05094
5.02071
4.99086
4.95729
4.93219
4.90634
4.87844
4.84537
4.8223
4.80046
4.78893
4.76933
4.75047
4.73829
4.71842
4.70402
4.68783
4.66924
4.65623
4.62836
4.60217
4.5796
4.55571
4.53267
4.50111
4.47645
4.45612
4.4315
4.40451
4.3539
4.30339
4.25434
4.20437
4.14994
4.10332
4.05672
4.00077
3.94884
3.90299
3.83097
3.74622
3.66872
3.58829
3.51376
3.43631
3.36051
3.28119
3.20454
3.12668
3.08111
3.04085
3.00108
2.95124
2.90881
2.86597
2.82688
2.78145
2.73747
2.69605
2.67331
2.65486
2.63493
2.61475
2.59071
2.57141
2.55217
2.53447
2.51052
2.48828
2.37436
2.25781
2.14302
2.02934
1.91151