1.17383
1.17349
1.17334
1.17411
1.17441
1.174
1.17764
1.17987
1.18142
1.18406
1.18527
1.18982
1.19119
1.19412
1.19617
1.19861
1.20025
1.20194
1.20454
1.2061
1.20754
1.2095
1.21171
1.2143
1.21583
1.21704
1.22176
1.22561
1.23026
1.23439
1.23776
1.24119
1.24729
1.25135
1.2552
1.25928
1.26318
1.26947
1.27412
1.27966
1.28446
1.2898
1.29432
1.29997
1.30559
1.30948
1.31754
1.32523
1.33314
1.33919
1.34803
1.35506
1.36292
1.3691
1.37764
1.38443
1.39035
1.39612
1.40248
1.40826
1.41503
1.4198
1.42592
1.43332
1.43875
1.44381
1.44954
1.4534
1.45789
1.46243
1.46802
1.47271
1.47746
1.48234
1.48624
1.49084
1.49735
1.50555
1.51242
1.51857
1.52572
1.53263
1.54121
1.54629
1.55288
1.5604
1.56761
1.57385
1.58048
1.58677
1.59514
1.60156
1.60745
1.61607
1.62249
1.62956
1.645
1.6622
1.68026
1.69701
1.71394
1.73033
1.74705
1.76384
1.78081
1.79932
1.82674
1.85419
1.88246
1.90985
1.93713
1.96489
1.99133
2.01954
2.0484
2.07718
2.09448
2.11397
2.13107
2.15088
2.16915
2.18735
2.20451
2.22427
2.24182
2.25955
2.26808
2.27698
2.28264
2.2904
2.29646
2.30492
2.31289
2.31928
2.32777
2.33508
2.33052
2.32815
2.32276
2.31717
2.31435
2.30959
2.30627
2.30199
2.29821
2.2941
2.28637
2.27896
2.27071
2.26493
2.25692
2.25706
2.25739
2.2585
2.25913
2.25744
2.23326
2.22825
2.22031
2.21458
2.20453
2.19917
2.19224
2.18675
2.1792
2.17165
2.1596
2.14579
2.13474
2.12124
2.10978
2.096
2.08466
2.07083
2.05957
2.04735
2.04023
2.03385
2.02746
2.02154
2.01565
2.00868
2.00229
1.99651
1.99089
1.98304
1.98226
1.97634
1.97278
1.96823
1.9638
1.96179
1.95647
1.95481
1.95047
1.94679
1.94124
1.9361
1.92981
1.92446
1.91901
1.91399
1.90758
1.90244
1.89785
1.89084
1.87954
1.86857
1.857
1.84772
1.8362
1.82423
1.81327
1.80062
1.79088
1.77854
1.7613
1.7438
1.72624
1.71081
1.69446
1.67675
1.6581
1.64221
1.62391
1.60734
1.5981
1.58888
1.57932
1.56955
1.55945
1.54874
1.53974
1.53054
1.52172
1.51012
1.50629
1.50102
1.49698
1.4926
1.48833
1.48374
1.47908
1.47539
1.47033
1.46511
1.44028
1.41448
1.38888
1.36246
1.33667