1.17383
1.17349
1.17334
1.17411
1.17441
1.174
1.17515
1.17583
1.17479
1.17596
1.17679
1.1769
1.1772
1.1776
1.17828
1.17853
1.17894
1.17958
1.17992
1.17989
1.18019
1.18092
1.18123
1.1814
1.1824
1.18247
1.1839
1.18425
1.18554
1.18666
1.18769
1.18724
1.18818
1.1898
1.19031
1.19088
1.19264
1.19346
1.19385
1.19407
1.19561
1.19671
1.19815
1.19994
1.20015
1.20176
1.2031
1.20285
1.20543
1.20709
1.20872
1.21057
1.21201
1.21266
1.21415
1.21554
1.21802
1.2187
1.21961
1.2204
1.2225
1.22373
1.22441
1.22563
1.22684
1.22864
1.22894
1.23085
1.23087
1.23174
1.23355
1.23445
1.23433
1.23546
1.23697
1.23728
1.23952
1.23957
1.2415
1.24301
1.24422
1.24523
1.24677
1.2486
1.25054
1.25093
1.25252
1.25438
1.25596
1.257
1.25849
1.25949
1.2613
1.26223
1.26436
1.265
1.26855
1.27265
1.27628
1.27815
1.28174
1.28617
1.28926
1.29236
1.29463
1.29942
1.30452
1.31073
1.31533
1.32133
1.32735
1.33193
1.33759
1.3431
1.34915
1.35434
1.35797
1.36208
1.3652
1.36853
1.37205
1.37711
1.37996
1.38342
1.38775
1.39131
1.39228
1.39346
1.39585
1.39665
1.39909
1.40027
1.40102
1.40315
1.40396
1.40466
1.40576
1.40471
1.40316
1.40107
1.40217
1.40061
1.39998
1.39972
1.39928
1.39839
1.39662
1.39566
1.3937
1.39225
1.39077
1.39062
1.39094
1.39073
1.39141
1.39078
1.38551
1.38443
1.3828
1.38168
1.38045
1.38031
1.37763
1.37655
1.37493
1.37341
1.37116
1.36782
1.36583
1.36339
1.35983
1.35903
1.35571
1.35267
1.35162
1.34792
1.34723
1.34478
1.34411
1.34303
1.3424
1.34079
1.33948
1.33975
1.33675
1.33524
1.33557
1.33433
1.33286
1.33225
1.33198
1.33116
1.33108
1.33004
1.32843
1.32792
1.32653
1.32593
1.32507
1.32366
1.32213
1.32095
1.32027
1.31915
1.31804
1.31696
1.31506
1.31269
1.30972
1.30777
1.30584
1.304
1.30059
1.29893
1.29609
1.29441
1.29012
1.28706
1.28385
1.28004
1.27755
1.27224
1.27065
1.26725
1.26332
1.26061
1.25805
1.25662
1.25393
1.25106
1.25077
1.2485
1.24624
1.2442
1.24305
1.2412
1.23999
1.23909
1.23807
1.23617
1.23579
1.2358
1.23474
1.23342
1.23331
1.232
1.22633
1.22207
1.21572
1.21073
1.20563