1.17383
1.17349
1.17334
1.17411
1.17441
1.17401
1.17959
1.18454
1.18947
1.19431
1.19918
1.2039
1.20857
1.21424
1.21878
1.2231
1.22651
1.23076
1.23477
1.23896
1.24148
1.24606
1.24913
1.25362
1.25589
1.26087
1.26939
1.27666
1.28574
1.2939
1.30285
1.31147
1.31878
1.32787
1.33543
1.34414
1.35467
1.3651
1.3736
1.38477
1.39489
1.40574
1.41533
1.42451
1.43578
1.44505
1.4604
1.47606
1.49137
1.5064
1.52058
1.53576
1.55055
1.56686
1.57912
1.59465
1.60689
1.61996
1.63099
1.64195
1.65587
1.66672
1.67908
1.68977
1.70272
1.71365
1.72437
1.73313
1.74338
1.75106
1.76127
1.77019
1.77988
1.78932
1.79878
1.8085
1.82267
1.83633
1.84934
1.8643
1.87791
1.89153
1.905
1.91909
1.93309
1.94763
1.96016
1.97669
1.98732
2.00284
2.01534
2.02929
2.04376
2.05605
2.07007
2.08238
2.11826
2.15246
2.18503
2.21968
2.25409
2.28895
2.3219
2.3564
2.39113
2.42407
2.47912
2.53601
2.59171
2.64304
2.69973
2.75519
2.81005
2.86985
2.92356
2.97596
3.01412
3.05257
3.09086
3.12736
3.164
3.19937
3.23544
3.27412
3.31333
3.35028
3.36117
3.37672
3.39091
3.40587
3.41849
3.43559
3.4521
3.4667
3.47866
3.49927
3.4887
3.47918
3.46749
3.46314
3.45361
3.44673
3.43637
3.42885
3.4201
3.41218
3.3996
3.38477
3.37077
3.35604
3.34129
3.34191
3.34088
3.34113
3.34027
3.34259
3.2938
3.27941
3.2652
3.25187
3.23884
3.22624
3.21105
3.19614
3.18454
3.16921
3.14493
3.12119
3.09798
3.06816
3.043
3.02002
2.99427
2.96993
2.9457
2.91763
2.90693
2.89365
2.88094
2.87193
2.85653
2.84262
2.83165
2.81869
2.80406
2.79361
2.78715
2.77717
2.77162
2.76338
2.75575
2.74775
2.74244
2.73291
2.72814
2.72168
2.71034
2.69864
2.68515
2.67547
2.66212
2.65294
2.64046
2.6302
2.62011
2.60614
2.58806
2.56421
2.54128
2.51759
2.49758
2.47451
2.45327
2.42867
2.40759
2.38585
2.35338
2.31659
2.28176
2.24666
2.21252
2.18006
2.14495
2.11028
2.07605
2.04089
2.02305
2.00234
1.98263
1.96556
1.94612
1.9252
1.90665
1.88663
1.86893
1.84914
1.83844
1.83116
1.8218
1.81313
1.80346
1.79426
1.78525
1.77763
1.76824
1.75727
1.70585
1.6559
1.60395
1.5528
1.50058