1.17318
1.17323
1.17515
1.17469
1.17405
1.17468
1.18706
1.19841
1.21121
1.22298
1.2358
1.24809
1.26043
1.27189
1.28563
1.29835
1.30634
1.31627
1.32416
1.33498
1.34415
1.35378
1.36195
1.37285
1.38096
1.39085
1.41096
1.43148
1.4527
1.47351
1.49432
1.51583
1.53526
1.55862
1.57838
1.59934
1.62393
1.64964
1.67419
1.69935
1.72507
1.75151
1.77842
1.80225
1.82654
1.85359
1.89113
1.92887
1.96476
2.004
2.03989
2.07934
2.11608
2.15435
2.18935
2.22868
2.25733
2.28879
2.31879
2.34623
2.3763
2.40769
2.4342
2.46316
2.49594
2.52602
2.54961
2.57391
2.59418
2.61759
2.64214
2.66628
2.68809
2.7103
2.73812
2.75936
2.7953
2.82818
2.8635
2.89663
2.9319
2.97188
3.00301
3.03685
3.0736
3.10852
3.14228
3.17795
3.20998
3.24595
3.28101
3.31414
3.34719
3.38074
3.41848
3.45246
3.53233
3.62083
3.70638
3.79168
3.87528
3.95973
4.04044
4.12952
4.21302
4.29839
4.43795
4.57734
4.7133
4.85588
4.99624
5.13172
5.27079
5.41331
5.54964
5.68718
5.77986
5.87487
5.96703
6.05925
6.14498
6.24409
6.33858
6.42437
6.52079
6.61577
6.65166
6.68781
6.72301
6.76048
6.79534
6.83207
6.86962
6.90811
6.94834
6.98446
6.96221
6.94282
6.92302
6.89354
6.88045
6.85835
6.83547
6.81136
6.79092
6.77604
6.7404
6.70521
6.66963
6.62873
6.59812
6.5995
6.59866
6.60007
6.59967
6.59924
6.47795
6.44405
6.40659
6.37135
6.3385
6.30396
6.26918
6.23772
6.20265
6.16577
6.10849
6.03589
5.97211
5.91627
5.85801
5.79202
5.7242
5.66672
5.60576
5.54709
5.51436
5.47904
5.44568
5.41605
5.38014
5.3524
5.31766
5.28559
5.25335
5.22069
5.20468
5.18963
5.16993
5.1499
5.12975
5.11656
5.09868
5.07688
5.06146
5.04627
5.0163
4.98566
4.95325
4.92949
4.90079
4.87409
4.84667
4.81942
4.78759
4.7595
4.71025
4.65171
4.59464
4.53885
4.4875
4.42666
4.36623
4.31407
4.25834
4.20463
4.11892
4.03235
3.94386
3.85949
3.7731
3.68982
3.60256
3.51701
3.43235
3.34473
3.29471
3.24715
3.20019
3.15478
3.10348
3.05534
3.00736
2.96132
2.90971
2.86423
2.84174
2.81898
2.79503
2.7717
2.75168
2.72832
2.70242
2.68382
2.66236
2.63435
2.50653
2.37871
2.25161
2.12231
1.99287