0.0304
0.1216
-0.0407
-0.0378
-0.0756
-0.2218
-0.0955
-0.0008
-0.1302
0.0241
0.1376
0.0112
0.1592
0.1389
0.1255
0.0226
0.1080
-0.0381
-0.0957
-0.0303
-0.0848
-0.0445
0.1903
0.1491
-0.0722
-0.0018
-0.0781
0.0355
0.0580
0.1181
0.1784
0.0350
-0.2105
-0.0269
-0.0894
-0.2414
-0.2063
-0.0291
0.0169
-0.2448
-0.1033
0.1034
0.0187
0.0549
0.0643
0.0032
0.0099
0.0490
0.0862
0.0649
0.0844
0.0893
0.1339
0.0534
0.1737
0.0497
0.1030
0.0603
-0.0186
-0.0279
0.1013
0.1384
-0.1031
-0.1255
-0.0747
-0.1873
-0.0991
-0.0265
0.0810
0.1255
0.0555
0.1058
0.0985
0.1646
0.1741
0.2488
0.1145
0.1678
0.3318
0.3285
0.2986
0.0039
0.1610
0.3288
0.3291
0.4317
0.3112
0.2729
0.1326
0.1653
0.3183
0.0894
0.2704
0.1931
0.1384
0.1914
0.2996
0.0031
-0.1509
0.1427
0.0737
0.1737
0.2719
0.2706
0.0364
0.2887
0.1501
0.0072
0.2488
0.3736
0.0871
0.0494
0.1109
0.0621
0.1321
0.0644
-0.0595
-0.0074
-0.0636
-0.0264
0.1422
0.4006
0.1975
0.0667
0.1588
0.1156
0.2325
0.2835
0.1504
0.3167
0.2509
0.3093
0.2922
0.2617
0.3493
0.3108
0.3402
0.5069
0.5041
0.4739
0.5288
0.6158
0.2284
0.4929
0.4128
0.3199
0.4671
0.6820
0.6031
0.5727
0.7085
0.8560
0.9302
0.8578
0.8669
0.8672