-0.0495
-0.0183
-0.0064
-0.0116
0.0042
-0.0034
0.0060
0.0037
0.0130
0.0146
0.0172
0.0023
0.0060
-0.0068
0.0031
0.0132
0.0380
0.0148
-0.0089
0.0060
0.0019
-0.0086
0.0016
-0.0009
-0.0093
0.0069
0.0216
-0.0082
-0.0119
0.0007
0.0007
0.0245
0.0429
0.0011
-0.0511
-0.0317
-0.0233
0.0039
0.0560
0.0187
-0.0226
-0.0411
-0.0287
-0.0059
0.0506
0.0117
-0.0127
-0.0139
0.0041
-0.0032
-0.0106
0.0044
0.0237
-0.0129
-0.0160
-0.0270
-0.0063
0.0126
0.0056
-0.0075
-0.0003
0.0155
0.0093
0.0104
0.0121
-0.0054
-0.0047
-0.0125
-0.0074
-0.0017
0.0093
-0.0026
0.0193
-0.0090
-0.0001
0.0050
0.0248
0.0080
0.0064
-0.0013
-0.0170
0.0023
0.0476
0.0180
-0.0023
0.0023
0.0233
0.0104
-0.0013
0.0113
-0.0039
0.0113
0.0244
0.0224
0.0086
0.0058
0.0147
0.0327
0.0058
0.0046
-0.0031
0.0010
0.0239
0.0144
0.0262
-0.0019
-0.0052
-0.0026
0.0039
-0.0021
0.0169
0.0179
0.0151
0.0093
-0.0191
-0.0221
0.0031
0.0129
0.0053
-0.0033
0.0083
-0.0034
0.0055
0.0242
0.0322
0.0057
0.0016
0.0314
-0.0003
0.0084
0.0118
0.0311
0.0189
-0.0118
0.0141
0.0143
-0.0057
0.0117
0.0173
0.0184
0.0278
0.0262
-0.0010
0.0130
0.0145
0.0060
0.0208
0.0309
0.0378
0.0210
0.0364
0.0428
0.0359
0.0329
0.0278
0.0310