-0.0382
-0.0176
-0.0045
0.0149
0.0306
0.0143
0.0083
-0.0089
0.0117
0.0219
-0.0028
-0.0019
0.0034
0.0173
-0.0183
-0.0040
0.0092
0.0004
-0.0005
0.0104
0.0246
-0.0033
0.0050
-0.0025
0.0142
0.0198
-0.0027
0.0086
0.0003
0.0180
0.0124
0.0117
0.0369
-0.0027
-0.0451
-0.0176
-0.0185
-0.0194
-0.0171
-0.0010
-0.0057
-0.0297
-0.0263
-0.0048
0.0115
0.0157
-0.0121
-0.0143
0.0065
-0.0079
-0.0003
0.0029
-0.0026
-0.0332
-0.0334
-0.0274
-0.0185
-0.0040
0.0068
-0.0109
0.0095
0.0083
-0.0055
0.0021
0.0088
-0.0029
0.0035
0.0138
0.0158
-0.0084
0.0275
0.0036
0.0030
0.0024
0.0108
0.0295
0.0195
-0.0049
0.0079
0.0181
0.0121
0.0083
0.0074
0.0183
0.0393
0.0049
-0.0146
0.0021
0.0070
0.0165
0.0325
0.0278
0.0045
0.0132
0.0025
0.0178
0.0055
0.0072
0.0271
0.0086
0.0131
0.0214
0.0030
-0.0031
0.0195
0.0318
0.0053
0.0043
0.0095
0.0204
0.0066
-0.0097
0.0189
0.0152
-0.0114
-0.0038
-0.0009
-0.0031
0.0079
0.0110
0.0136
0.0066
0.0246
0.0024
0.0109
0.0349
0.0073
0.0038
0.0257
0.0159
0.0217
0.0370
0.0123
0.0024
0.0060
0.0257
0.0090
0.0133
0.0224
0.0341
0.0237
0.0374
-0.0089
0.0090
0.0094
0.0232
0.0577
0.0541
0.0387
0.0308
0.0405
0.0469
0.0562
0.0632
0.0495
0.0405