-0.1120
-0.3340
-0.1902
-0.0319
-0.1806
-0.0427
0.1078
0.0589
0.1166
0.1482
0.0967
0.0100
-0.1363
-0.1237
-0.0354
0.2612
0.3701
0.0440
-0.0677
0.0238
0.0035
-0.0513
-0.0477
0.0053
-0.0494
0.2137
0.2039
-0.0909
-0.0208
0.0330
0.0747
0.3999
0.4152
-0.0286
-0.5218
-0.2319
0.0672
0.1877
0.3548
-0.0370
-0.4032
-0.5378
-0.2059
0.1532
0.2407
-0.0690
-0.2218
0.0288
0.0609
0.0690
0.0222
0.2180
0.3123
0.0053
-0.2149
-0.0591
0.0923
0.1483
0.1229
0.0211
0.3437
0.3246
0.2726
0.1397
0.1202
-0.0675
0.0350
-0.0599
0.0008
0.1231
0.2745
0.2627
0.3234
0.2071
0.1681
0.2850
0.3653
0.2743
0.1942
0.0900
0.0081
0.3472
0.5185
0.2032
0.0656
0.2254
0.3306
0.1579
0.2379
0.2412
0.2049
0.2901
0.4134
0.4426
0.3180
0.3372
0.4021
0.4066
0.0855
0.0889
0.2534
0.3322
0.3792
0.3252
0.3853
0.1980
0.1255
0.2005
0.3075
0.3197
0.5094
0.5113
0.4818
0.2813
-0.0150
0.0877
0.3475
0.2402
0.2267
0.2617
0.3304
0.3185
0.5242
0.6088
0.4309
0.5020
0.4958
0.5536
0.4079
0.4965
0.5688
0.6154
0.5356
0.3169
0.6235
0.4988
0.5146
0.7304
0.7257
0.7468
0.9589
0.8591
0.5036
0.5968
0.6761
0.7724
0.8765
1.0258
1.0066
0.9356
0.9597
1.0337
1.0955
1.0294
1.0311
1.1455