0.0623
-0.1105
-0.0247
0.1478
0.1818
0.1113
0.0621
-0.1441
0.0931
0.0981
-0.0278
-0.1115
0.0179
0.0637
-0.1533
-0.0321
0.0143
0.0007
-0.0077
0.1052
0.0734
0.0075
0.0411
-0.0430
0.0629
0.0984
0.0495
0.1664
0.1155
0.2580
0.0973
0.2482
0.2798
-0.0118
-0.5545
-0.2393
-0.2469
-0.1138
-0.1256
-0.0466
-0.1141
-0.2937
-0.1515
0.0198
0.1038
0.0381
-0.1000
-0.0648
0.0632
-0.0094
0.0454
0.0717
0.0211
-0.3461
-0.4002
-0.1768
-0.0359
-0.0207
0.0924
-0.0318
0.0950
0.0818
-0.0258
-0.0188
0.0423
0.0701
0.1693
0.3091
0.1092
0.2159
0.2542
0.2473
0.1630
0.1398
0.2175
0.3486
0.1685
0.1159
0.3114
0.2100
0.1343
0.0988
0.2068
0.2370
0.3121
0.0083
0.0246
0.1882
0.2478
0.4373
0.5246
0.3904
0.2172
0.2764
0.2017
0.2935
0.2262
0.2246
0.2852
0.2416
0.2895
0.2941
0.1942
0.1617
0.2480
0.2758
0.1782
0.1695
0.2712
0.3137
0.2468
0.1690
0.3977
0.3160
0.1268
0.2509
0.2800
0.2694
0.4228
0.3864
0.2253
0.2645
0.3628
0.3247
0.4097
0.5554
0.3427
0.2883
0.6342
0.5563
0.5853
0.7056
0.5103
0.3285
0.5113
0.5776
0.5574
0.5934
0.7463
0.8073
0.8315
0.8835
0.3783
0.6199
0.7123
0.7983
1.0420
1.0309
0.9267
0.9664
0.9353
1.1338
1.2851
1.1911
1.1162
1.0908